Time;Channel A
(us);(mV)

-10,00199973;-28,01119423
-10,00099973;-26,88853073
-9,99999973;-26,88853073
-9,99899973;-26,88853073
-9,99799973;-26,88853073
-9,99699973;-26,88853073
-9,99599973;-26,88853073
-9,99499973;-25,76894569
-9,99399973;-25,76894569
-9,99299973;-24,64935684
-9,99199973;-24,64935684
-9,99099973;-24,64935684
-9,98999973;-24,64935684
-9,98899973;-23,52669716
-9,98799973;-23,52669716
-9,98699973;-23,52669716
-9,98599973;-22,40711021
-9,98499973;-22,40711021
-9,98399973;-21,28752327
-9,98299973;-21,28752327
-9,98199973;-20,16793633
-9,98099973;-19,04527283
-9,97999973;-19,04527283
-9,97899973;-17,92568779
-9,97799973;-16,80610085
-9,97699973;-16,80610085
-9,97599973;-15,68343925
-9,97499973;-15,68343925
-9,97399973;-14,56385231
-9,97299973;-13,44426537
-9,97199973;-13,44426537
-9,97099973;-12,32467842
-9,96999973;-11,20201683
-9,96899973;-10,08243084
-9,96799973;-8,96284389
-9,96699973;-7,84018135
-9,96599973;-6,72059488
-9,96499973;-5,60100842
-9,96399973;-4,48142195
-9,96299973;-3,35875964
-9,96199973;-2,23917317
-9,96099973;-2,23917317
-9,95999973;0,00000000
-9,95899973;1,11958659
-9,95799973;2,23917317
-9,95699973;3,35875964
-9,95599973;4,48142195
-9,95499973;5,60100842
-9,95399973;6,72059488
-9,95299973;7,84018135
-9,95199973;8,96284389
-9,95099973;10,08243084
-9,94999973;11,20201683
-9,94899973;12,32467842
-9,94799973;13,44426537
-9,94699973;14,56385231
-9,94599973;15,68343925
-9,94499973;16,80610085
-9,94399973;17,92568779
-9,94299973;19,04527283
-9,94199973;19,04527283
-9,94099973;20,16793633
-9,93999973;21,28752327
-9,93899973;22,40711021
-9,93799973;22,40711021
-9,93699973;23,52669716
-9,93599973;24,64935684
-9,93499973;25,76894569
-9,93399973;25,76894569
-9,93299973;26,88853073
-9,93199973;26,88853073
-9,93099973;28,01119423
-9,92999973;28,01119423
-9,92899973;29,13078117
-9,92799973;29,13078117
-9,92699973;30,25036621
-9,92599973;30,25036621
-9,92499973;30,25036621
-9,92399973;30,25036621
-9,92299973;30,25036621
-9,92199973;30,25036621
-9,92099973;31,36995316
-9,91999973;30,25036621
-9,91899973;30,25036621
-9,91799973;31,36995316
-9,91699973;31,36995316
-9,91599973;31,36995316
-9,91499973;30,25036621
-9,91399973;31,36995316
-9,91299973;30,25036621
-9,91199973;30,25036621
-9,91099973;30,25036621
-9,90999973;29,13078117
-9,90899973;29,13078117
-9,90799973;29,13078117
-9,90699973;29,13078117
-9,90599973;28,01119423
-9,90499973;28,01119423
-9,90399973;28,01119423
-9,90299973;26,88853073
-9,90199973;25,76894569
-9,90099973;25,76894569
-9,89999973;24,64935684
-9,89899973;24,64935684
-9,89799973;23,52669716
-9,89699973;23,52669716
-9,89599973;22,40711021
-9,89499973;21,28752327
-9,89399973;21,28752327
-9,89299973;20,16793633
-9,89199973;19,04527283
-9,89099973;17,92568779
-9,88999973;17,92568779
-9,88899973;16,80610085
-9,88799973;15,68343925
-9,88699973;15,68343925
-9,88599973;14,56385231
-9,88499973;13,44426537
-9,88399973;12,32467842
-9,88299973;11,20201683
-9,88199973;10,08243084
-9,88099973;8,96284389
-9,87999973;7,84018135
-9,87899973;6,72059488
-9,87799973;5,60100842
-9,87699973;4,48142195
-9,87599973;3,35875964
-9,87499973;2,23917317
-9,87399973;1,11958659
-9,87299973;0,00000000
-9,87199973;-1,11958659
-9,87099973;-2,23917317
-9,86999973;-3,35875964
-9,86899973;-4,48142195
-9,86799973;-5,60100842
-9,86699973;-6,72059488
-9,86599973;-7,84018135
-9,86499973;-8,96284389
-9,86399973;-10,08243084
-9,86299973;-11,20201683
-9,86199973;-13,44426537
-9,86099973;-13,44426537
-9,85999973;-15,68343925
-9,85899973;-16,80610085
-9,85799973;-17,92568779
-9,85699973;-19,04527283
-9,85599973;-19,04527283
-9,85499973;-20,16793633
-9,85399973;-21,28752327
-9,85299973;-22,40711021
-9,85199973;-23,52669716
-9,85099973;-24,64935684
-9,84999973;-24,64935684
-9,84899973;-25,76894569
-9,84799973;-25,76894569
-9,84699973;-26,88853073
-9,84599973;-26,88853073
-9,84499973;-28,01119423
-9,84399973;-28,01119423
-9,84299973;-28,01119423
-9,84199973;-29,13078117
-9,84099973;-29,13078117
-9,83999973;-29,13078117
-9,83899973;-29,13078117
-9,83799973;-29,13078117
-9,83699973;-29,13078117
-9,83599973;-30,25036621
-9,83499973;-30,25036621
-9,83399973;-30,25036621
-9,83299973;-30,25036621
-9,83199973;-29,13078117
-9,83099973;-29,13078117
-9,82999973;-29,13078117
-9,82899973;-29,13078117
-9,82799973;-29,13078117
-9,82699973;-29,13078117
-9,82599973;-29,13078117
-9,82499973;-28,01119423
-9,82399973;-28,01119423
-9,82299973;-28,01119423
-9,82199973;-26,88853073
-9,82099973;-26,88853073
-9,81999973;-25,76894569
-9,81899973;-25,76894569
-9,81799973;-25,76894569
-9,81699973;-25,76894569
-9,81599973;-25,76894569
-9,81499973;-24,64935684
-9,81399973;-24,64935684
-9,81299973;-24,64935684
-9,81199973;-24,64935684
-9,81099973;-23,52669716
-9,80999973;-23,52669716
-9,80899973;-23,52669716
-9,80799973;-22,40711021
-9,80699973;-22,40711021
-9,80599973;-21,28752327
-9,80499973;-21,28752327
-9,80399973;-20,16793633
-9,80299973;-20,16793633
-9,80199973;-19,04527283
-9,80099973;-17,92568779
-9,79999973;-17,92568779
-9,79899973;-16,80610085
-9,79799973;-15,68343925
-9,79699973;-15,68343925
-9,79599973;-14,56385231
-9,79499973;-13,44426537
-9,79399973;-13,44426537
-9,79299973;-12,32467842
-9,79199973;-11,20201683
-9,79099973;-8,96284389
-9,78999973;-7,84018135
-9,78899973;-7,84018135
-9,78799973;-6,72059488
-9,78699973;-5,60100842
-9,78599973;-4,48142195
-9,78499973;-3,35875964
-9,78399973;-2,23917317
-9,78299973;-1,11958659
-9,78199973;0,00000000
-9,78099973;1,11958659
-9,77999973;2,23917317
-9,77899973;3,35875964
-9,77799973;4,48142195
-9,77699973;5,60100842
-9,77599973;6,72059488
-9,77499973;7,84018135
-9,77399973;8,96284389
-9,77299973;10,08243084
-9,77199973;11,20201683
-9,77099973;12,32467842
-9,76999973;13,44426537
-9,76899973;14,56385231
-9,76799973;15,68343925
-9,76699973;16,80610085
-9,76599973;17,92568779
-9,76499973;19,04527283
-9,76399973;19,04527283
-9,76299973;20,16793633
-9,76199973;21,28752327
-9,76099973;22,40711021
-9,75999973;23,52669716
-9,75899973;23,52669716
-9,75799973;24,64935684
-9,75699973;25,76894569
-9,75599973;25,76894569
-9,75499973;26,88853073
-9,75399973;26,88853073
-9,75299973;28,01119423
-9,75199973;29,13078117
-9,75099973;29,13078117
-9,74999973;29,13078117
-9,74899973;30,25036621
-9,74799973;30,25036621
-9,74699973;30,25036621
-9,74599973;30,25036621
-9,74499973;30,25036621
-9,74399973;30,25036621
-9,74299973;30,25036621
-9,74199973;31,36995316
-9,74099973;31,36995316
-9,73999973;31,36995316
-9,73899973;31,36995316
-9,73799973;31,36995316
-9,73699973;30,25036621
-9,73599973;30,25036621
-9,73499973;30,25036621
-9,73399973;30,25036621
-9,73299973;30,25036621
-9,73199973;29,13078117
-9,73099973;29,13078117
-9,72999973;29,13078117
-9,72899973;28,01119423
-9,72799973;28,01119423
-9,72699973;28,01119423
-9,72599973;28,01119423
-9,72499973;26,88853073
-9,72399973;26,88853073
-9,72299973;25,76894569
-9,72199973;24,64935684
-9,72099973;24,64935684
-9,71999973;23,52669716
-9,71899973;23,52669716
-9,71799973;22,40711021
-9,71699973;21,28752327
-9,71599973;21,28752327
-9,71499973;20,16793633
-9,71399973;19,04527283
-9,71299973;19,04527283
-9,71199973;17,92568779
-9,71099973;16,80610085
-9,70999973;16,80610085
-9,70899973;14,56385231
-9,70799973;13,44426537
-9,70699973;12,32467842
-9,70599973;12,32467842
-9,70499973;11,20201683
-9,70399973;10,08243084
-9,70299973;8,96284389
-9,70199973;7,84018135
-9,70099973;6,72059488
-9,69999973;5,60100842
-9,69899973;4,48142195
-9,69799973;3,35875964
-9,69699973;2,23917317
-9,69599973;1,11958659
-9,69499973;0,00000000
-9,69399973;-1,11958659
-9,69299973;-2,23917317
-9,69199973;-3,35875964
-9,69099974;-5,60100842
-9,68999974;-5,60100842
-9,68899974;-6,72059488
-9,68799974;-7,84018135
-9,68699974;-10,08243084
-9,68599974;-11,20201683
-9,68499974;-11,20201683
-9,68399974;-13,44426537
-9,68299974;-14,56385231
-9,68199974;-15,68343925
-9,68099974;-15,68343925
-9,67999974;-17,92568779
-9,67899974;-17,92568779
-9,67799974;-19,04527283
-9,67699974;-20,16793633
-9,67599974;-21,28752327
-9,67499974;-22,40711021
-9,67399974;-23,52669716
-9,67299974;-24,64935684
-9,67199974;-24,64935684
-9,67099974;-25,76894569
-9,66999974;-26,88853073
-9,66899974;-26,88853073
-9,66799974;-26,88853073
-9,66699974;-28,01119423
-9,66599974;-28,01119423
-9,66499974;-28,01119423
-9,66399974;-28,01119423
-9,66299974;-29,13078117
-9,66199974;-30,25036621
-9,66099974;-29,13078117
-9,65999974;-29,13078117
-9,65899974;-29,13078117
-9,65799974;-30,25036621
-9,65699974;-29,13078117
-9,65599974;-29,13078117
-9,65499974;-29,13078117
-9,65399974;-29,13078117
-9,65299974;-29,13078117
-9,65199974;-29,13078117
-9,65099974;-29,13078117
-9,64999974;-29,13078117
-9,64899974;-29,13078117
-9,64799974;-28,01119423
-9,64699974;-28,01119423
-9,64599974;-28,01119423
-9,64499974;-28,01119423
-9,64399974;-26,88853073
-9,64299974;-26,88853073
-9,64199974;-26,88853073
-9,64099974;-25,76894569
-9,63999974;-25,76894569
-9,63899974;-25,76894569
-9,63799974;-25,76894569
-9,63699974;-25,76894569
-9,63599974;-24,64935684
-9,63499974;-24,64935684
-9,63399974;-24,64935684
-9,63299974;-24,64935684
-9,63199974;-23,52669716
-9,63099974;-23,52669716
-9,62999974;-22,40711021
-9,62899974;-22,40711021
-9,62799974;-21,28752327
-9,62699974;-21,28752327
-9,62599974;-20,16793633
-9,62499974;-19,04527283
-9,62399974;-19,04527283
-9,62299974;-17,92568779
-9,62199974;-16,80610085
-9,62099974;-16,80610085
-9,61999974;-15,68343925
-9,61899974;-14,56385231
-9,61799974;-14,56385231
-9,61699974;-13,44426537
-9,61599974;-12,32467842
-9,61499974;-12,32467842
-9,61399974;-10,08243084
-9,61299974;-10,08243084
-9,61199974;-8,96284389
-9,61099974;-7,84018135
-9,60999974;-6,72059488
-9,60899974;-5,60100842
-9,60799974;-4,48142195
-9,60699974;-3,35875964
-9,60599974;-2,23917317
-9,60499974;-1,11958659
-9,60399974;0,00000000
-9,60299974;1,11958659
-9,60199974;2,23917317
-9,60099974;3,35875964
-9,59999974;4,48142195
-9,59899974;5,60100842
-9,59799974;6,72059488
-9,59699974;7,84018135
-9,59599974;8,96284389
-9,59499974;11,20201683
-9,59399974;12,32467842
-9,59299974;12,32467842
-9,59199974;13,44426537
-9,59099974;14,56385231
-9,58999974;15,68343925
-9,58899974;16,80610085
-9,58799974;17,92568779
-9,58699974;19,04527283
-9,58599974;20,16793633
-9,58499974;20,16793633
-9,58399974;21,28752327
-9,58299974;22,40711021
-9,58199974;23,52669716
-9,58099974;24,64935684
-9,57999974;24,64935684
-9,57899974;25,76894569
-9,57799974;25,76894569
-9,57699974;26,88853073
-9,57599974;28,01119423
-9,57499974;28,01119423
-9,57399974;29,13078117
-9,57299974;29,13078117
-9,57199974;30,25036621
-9,57099974;30,25036621
-9,56999974;30,25036621
-9,56899974;30,25036621
-9,56799974;30,25036621
-9,56699974;30,25036621
-9,56599974;30,25036621
-9,56499974;31,36995316
-9,56399974;31,36995316
-9,56299974;31,36995316
-9,56199974;31,36995316
-9,56099974;31,36995316
-9,55999974;31,36995316
-9,55899974;30,25036621
-9,55799974;30,25036621
-9,55699974;30,25036621
-9,55599974;30,25036621
-9,55499974;29,13078117
-9,55399974;29,13078117
-9,55299974;29,13078117
-9,55199974;29,13078117
-9,55099974;29,13078117
-9,54999974;28,01119423
-9,54899974;28,01119423
-9,54799974;28,01119423
-9,54699974;26,88853073
-9,54599974;26,88853073
-9,54499974;25,76894569
-9,54399974;24,64935684
-9,54299974;24,64935684
-9,54199974;23,52669716
-9,54099974;23,52669716
-9,53999974;22,40711021
-9,53899974;21,28752327
-9,53799974;21,28752327
-9,53699974;20,16793633
-9,53599974;19,04527283
-9,53499974;19,04527283
-9,53399974;17,92568779
-9,53299974;16,80610085
-9,53199974;15,68343925
-9,53099974;14,56385231
-9,52999974;13,44426537
-9,52899974;12,32467842
-9,52799974;12,32467842
-9,52699974;11,20201683
-9,52599974;10,08243084
-9,52499974;8,96284389
-9,52399974;7,84018135
-9,52299974;5,60100842
-9,52199974;5,60100842
-9,52099974;4,48142195
-9,51999974;3,35875964
-9,51899974;2,23917317
-9,51799974;1,11958659
-9,51699974;0,00000000
-9,51599974;-1,11958659
-9,51499974;-2,23917317
-9,51399974;-4,48142195
-9,51299974;-4,48142195
-9,51199974;-5,60100842
-9,51099974;-6,72059488
-9,50999974;-7,84018135
-9,50899974;-8,96284389
-9,50799974;-11,20201683
-9,50699974;-11,20201683
-9,50599974;-13,44426537
-9,50499974;-14,56385231
-9,50399974;-14,56385231
-9,50299974;-16,80610085
-9,50199974;-16,80610085
-9,50099974;-17,92568779
-9,49999974;-20,16793633
-9,49899974;-21,28752327
-9,49799974;-21,28752327
-9,49699974;-22,40711021
-9,49599974;-23,52669716
-9,49499974;-23,52669716
-9,49399974;-24,64935684
-9,49299974;-25,76894569
-9,49199974;-25,76894569
-9,49099974;-26,88853073
-9,48999974;-26,88853073
-9,48899974;-26,88853073
-9,48799974;-28,01119423
-9,48699974;-28,01119423
-9,48599974;-28,01119423
-9,48499974;-29,13078117
-9,48399974;-29,13078117
-9,48299974;-29,13078117
-9,48199974;-29,13078117
-9,48099974;-29,13078117
-9,47999974;-29,13078117
-9,47899974;-29,13078117
-9,47799974;-30,25036621
-9,47699974;-29,13078117
-9,47599974;-29,13078117
-9,47499974;-29,13078117
-9,47399974;-29,13078117
-9,47299974;-29,13078117
-9,47199974;-28,01119423
-9,47099974;-28,01119423
-9,46999974;-28,01119423
-9,46899974;-28,01119423
-9,46799974;-28,01119423
-9,46699974;-28,01119423
-9,46599974;-26,88853073
-9,46499974;-26,88853073
-9,46399974;-26,88853073
-9,46299974;-25,76894569
-9,46199974;-25,76894569
-9,46099974;-25,76894569
-9,45999974;-24,64935684
-9,45899974;-24,64935684
-9,45799974;-24,64935684
-9,45699974;-24,64935684
-9,45599974;-24,64935684
-9,45499974;-23,52669716
-9,45399974;-23,52669716
-9,45299974;-23,52669716
-9,45199974;-22,40711021
-9,45099974;-22,40711021
-9,44999974;-21,28752327
-9,44899974;-20,16793633
-9,44799974;-20,16793633
-9,44699974;-19,04527283
-9,44599974;-17,92568779
-9,44499974;-17,92568779
-9,44399974;-17,92568779
-9,44299974;-15,68343925
-9,44199974;-15,68343925
-9,44099974;-14,56385231
-9,43999974;-13,44426537
-9,43899974;-13,44426537
-9,43799974;-12,32467842
-9,43699974;-12,32467842
-9,43599974;-10,08243084
-9,43499974;-8,96284389
-9,43399974;-7,84018135
-9,43299974;-7,84018135
-9,43199974;-6,72059488
-9,43099974;-5,60100842
-9,42999974;-4,48142195
-9,42899974;-3,35875964
-9,42799974;-2,23917317
-9,42699974;-1,11958659
-9,42599974;0,00000000
-9,42499974;1,11958659
-9,42399974;2,23917317
-9,42299974;3,35875964
-9,42199974;5,60100842
-9,42099974;6,72059488
-9,41999974;6,72059488
-9,41899974;7,84018135
-9,41799974;8,96284389
-9,41699974;10,08243084
-9,41599974;11,20201683
-9,41499974;12,32467842
-9,41399974;14,56385231
-9,41299974;15,68343925
-9,41199974;15,68343925
-9,41099974;16,80610085
-9,40999974;17,92568779
-9,40899974;19,04527283
-9,40799974;20,16793633
-9,40699974;21,28752327
-9,40599974;21,28752327
-9,40499974;22,40711021
-9,40399974;23,52669716
-9,40299974;24,64935684
-9,40199974;25,76894569
-9,40099974;25,76894569
-9,39999974;26,88853073
-9,39899974;26,88853073
-9,39799974;28,01119423
-9,39699974;28,01119423
-9,39599974;29,13078117
-9,39499974;29,13078117
-9,39399974;29,13078117
-9,39299974;30,25036621
-9,39199974;30,25036621
-9,39099974;30,25036621
-9,38999974;31,36995316
-9,38899974;31,36995316
-9,38799974;31,36995316
-9,38699974;31,36995316
-9,38599974;31,36995316
-9,38499974;31,36995316
-9,38399974;31,36995316
-9,38299974;31,36995316
-9,38199974;31,36995316
-9,38099974;31,36995316
-9,37999974;30,25036621
-9,37899974;30,25036621
-9,37799974;30,25036621
-9,37699974;30,25036621
-9,37599974;29,13078117
-9,37499974;29,13078117
-9,37399974;29,13078117
-9,37299974;29,13078117
-9,37199974;28,01119423
-9,37099974;28,01119423
-9,36999974;26,88853073
-9,36899974;26,88853073
-9,36799974;26,88853073
-9,36699974;25,76894569
-9,36599974;24,64935684
-9,36499974;24,64935684
-9,36399974;23,52669716
-9,36299974;23,52669716
-9,36199974;22,40711021
-9,36099974;21,28752327
-9,35999974;20,16793633
-9,35899974;20,16793633
-9,35799974;19,04527283
-9,35699974;19,04527283
-9,35599974;17,92568779
-9,35499974;16,80610085
-9,35399974;15,68343925
-9,35299974;14,56385231
-9,35199974;14,56385231
-9,35099974;13,44426537
-9,34999974;11,20201683
-9,34899974;11,20201683
-9,34799974;10,08243084
-9,34699974;8,96284389
-9,34599974;7,84018135
-9,34499974;6,72059488
-9,34399974;5,60100842
-9,34299974;4,48142195
-9,34199974;3,35875964
-9,34099974;1,11958659
-9,33999974;1,11958659
-9,33899974;0,00000000
-9,33799975;-1,11958659
-9,33699975;-3,35875964
-9,33599975;-4,48142195
-9,33499975;-4,48142195
-9,33399975;-6,72059488
-9,33299975;-7,84018135
-9,33199975;-8,96284389
-9,33099975;-10,08243084
-9,32999975;-11,20201683
-9,32899975;-12,32467842
-9,32799975;-13,44426537
-9,32699975;-14,56385231
-9,32599975;-15,68343925
-9,32499975;-16,80610085
-9,32399975;-17,92568779
-9,32299975;-19,04527283
-9,32199975;-20,16793633
-9,32099975;-20,16793633
-9,31999975;-21,28752327
-9,31899975;-22,40711021
-9,31799975;-23,52669716
-9,31699975;-24,64935684
-9,31599975;-24,64935684
-9,31499975;-25,76894569
-9,31399975;-25,76894569
-9,31299975;-26,88853073
-9,31199975;-26,88853073
-9,31099975;-28,01119423
-9,30999975;-28,01119423
-9,30899975;-28,01119423
-9,30799975;-28,01119423
-9,30699975;-29,13078117
-9,30599975;-29,13078117
-9,30499975;-29,13078117
-9,30399975;-29,13078117
-9,30299975;-29,13078117
-9,30199975;-30,25036621
-9,30099975;-29,13078117
-9,29999975;-30,25036621
-9,29899975;-30,25036621
-9,29799975;-29,13078117
-9,29699975;-29,13078117
-9,29599975;-29,13078117
-9,29499975;-29,13078117
-9,29399975;-29,13078117
-9,29299975;-28,01119423
-9,29199975;-28,01119423
-9,29099975;-28,01119423
-9,28999975;-28,01119423
-9,28899975;-26,88853073
-9,28799975;-26,88853073
-9,28699975;-25,76894569
-9,28599975;-25,76894569
-9,28499975;-25,76894569
-9,28399975;-25,76894569
-9,28299975;-25,76894569
-9,28199975;-24,64935684
-9,28099975;-24,64935684
-9,27999975;-24,64935684
-9,27899975;-24,64935684
-9,27799975;-24,64935684
-9,27699975;-23,52669716
-9,27599975;-23,52669716
-9,27499975;-23,52669716
-9,27399975;-22,40711021
-9,27299975;-21,28752327
-9,27199975;-21,28752327
-9,27099975;-20,16793633
-9,26999975;-20,16793633
-9,26899975;-19,04527283
-9,26799975;-19,04527283
-9,26699975;-17,92568779
-9,26599975;-16,80610085
-9,26499975;-15,68343925
-9,26399975;-15,68343925
-9,26299975;-14,56385231
-9,26199975;-13,44426537
-9,26099975;-13,44426537
-9,25999975;-12,32467842
-9,25899975;-11,20201683
-9,25799975;-10,08243084
-9,25699975;-8,96284389
-9,25599975;-8,96284389
-9,25499975;-7,84018135
-9,25399975;-6,72059488
-9,25299975;-5,60100842
-9,25199975;-4,48142195
-9,25099975;-3,35875964
-9,24999975;-2,23917317
-9,24899975;-1,11958659
-9,24799975;0,00000000
-9,24699975;1,11958659
-9,24599975;2,23917317
-9,24499975;4,48142195
-9,24399975;4,48142195
-9,24299975;6,72059488
-9,24199975;7,84018135
-9,24099975;7,84018135
-9,23999975;8,96284389
-9,23899975;11,20201683
-9,23799975;12,32467842
-9,23699975;12,32467842
-9,23599975;13,44426537
-9,23499975;14,56385231
-9,23399975;16,80610085
-9,23299975;16,80610085
-9,23199975;17,92568779
-9,23099975;19,04527283
-9,22999975;20,16793633
-9,22899975;21,28752327
-9,22799975;21,28752327
-9,22699975;22,40711021
-9,22599975;23,52669716
-9,22499975;24,64935684
-9,22399975;24,64935684
-9,22299975;25,76894569
-9,22199975;26,88853073
-9,22099975;26,88853073
-9,21999975;28,01119423
-9,21899975;28,01119423
-9,21799975;29,13078117
-9,21699975;29,13078117
-9,21599975;29,13078117
-9,21499975;30,25036621
-9,21399975;30,25036621
-9,21299975;30,25036621
-9,21199975;30,25036621
-9,21099975;31,36995316
-9,20999975;31,36995316
-9,20899975;31,36995316
-9,20799975;31,36995316
-9,20699975;31,36995316
-9,20599975;31,36995316
-9,20499975;31,36995316
-9,20399975;30,25036621
-9,20299975;30,25036621
-9,20199975;31,36995316
-9,20099975;30,25036621
-9,19999975;30,25036621
-9,19899975;30,25036621
-9,19799975;29,13078117
-9,19699975;29,13078117
-9,19599975;29,13078117
-9,19499975;29,13078117
-9,19399975;28,01119423
-9,19299975;28,01119423
-9,19199975;28,01119423
-9,19099975;26,88853073
-9,18999975;26,88853073
-9,18899975;25,76894569
-9,18799975;24,64935684
-9,18699975;24,64935684
-9,18599975;23,52669716
-9,18499975;23,52669716
-9,18399975;22,40711021
-9,18299975;21,28752327
-9,18199975;20,16793633
-9,18099975;20,16793633
-9,17999975;19,04527283
-9,17899975;17,92568779
-9,17799975;17,92568779
-9,17699975;16,80610085
-9,17599975;15,68343925
-9,17499975;14,56385231
-9,17399975;13,44426537
-9,17299975;12,32467842
-9,17199975;11,20201683
-9,17099975;11,20201683
-9,16999975;10,08243084
-9,16899975;8,96284389
-9,16799975;7,84018135
-9,16699975;6,72059488
-9,16599975;5,60100842
-9,16499975;4,48142195
-9,16399975;3,35875964
-9,16299975;2,23917317
-9,16199975;1,11958659
-9,16099975;0,00000000
-9,15999975;-1,11958659
-9,15899975;-3,35875964
-9,15799975;-4,48142195
-9,15699975;-4,48142195
-9,15599975;-5,60100842
-9,15499975;-7,84018135
-9,15399975;-8,96284389
-9,15299975;-10,08243084
-9,15199975;-11,20201683
-9,15099975;-12,32467842
-9,14999975;-13,44426537
-9,14899975;-14,56385231
-9,14799975;-15,68343925
-9,14699975;-16,80610085
-9,14599975;-17,92568779
-9,14499975;-19,04527283
-9,14399975;-19,04527283
-9,14299975;-20,16793633
-9,14199975;-21,28752327
-9,14099975;-22,40711021
-9,13999975;-23,52669716
-9,13899975;-24,64935684
-9,13799975;-24,64935684
-9,13699975;-25,76894569
-9,13599975;-26,88853073
-9,13499975;-26,88853073
-9,13399975;-26,88853073
-9,13299975;-28,01119423
-9,13199975;-28,01119423
-9,13099975;-28,01119423
-9,12999975;-29,13078117
-9,12899975;-29,13078117
-9,12799975;-29,13078117
-9,12699975;-29,13078117
-9,12599975;-29,13078117
-9,12499975;-29,13078117
-9,12399975;-29,13078117
-9,12299975;-30,25036621
-9,12199975;-29,13078117
-9,12099975;-29,13078117
-9,11999975;-29,13078117
-9,11899975;-29,13078117
-9,11799975;-29,13078117
-9,11699975;-29,13078117
-9,11599975;-29,13078117
-9,11499975;-28,01119423
-9,11399975;-28,01119423
-9,11299975;-28,01119423
-9,11199975;-28,01119423
-9,11099975;-26,88853073
-9,10999975;-26,88853073
-9,10899975;-26,88853073
-9,10799975;-26,88853073
-9,10699975;-25,76894569
-9,10599975;-25,76894569
-9,10499975;-25,76894569
-9,10399975;-25,76894569
-9,10299975;-24,64935684
-9,10199975;-24,64935684
-9,10099975;-23,52669716
-9,09999975;-24,64935684
-9,09899975;-23,52669716
-9,09799975;-23,52669716
-9,09699975;-23,52669716
-9,09599975;-22,40711021
-9,09499975;-22,40711021
-9,09399975;-20,16793633
-9,09299975;-20,16793633
-9,09199975;-20,16793633
-9,09099975;-19,04527283
-9,08999975;-17,92568779
-9,08899975;-17,92568779
-9,08799975;-16,80610085
-9,08699975;-15,68343925
-9,08599975;-14,56385231
-9,08499975;-14,56385231
-9,08399975;-13,44426537
-9,08299975;-13,44426537
-9,08199975;-12,32467842
-9,08099975;-11,20201683
-9,07999975;-10,08243084
-9,07899975;-8,96284389
-9,07799975;-7,84018135
-9,07699975;-6,72059488
-9,07599975;-6,72059488
-9,07499975;-5,60100842
-9,07399975;-4,48142195
-9,07299975;-2,23917317
-9,07199975;-1,11958659
-9,07099975;-1,11958659
-9,06999975;1,11958659
-9,06899975;2,23917317
-9,06799975;3,35875964
-9,06699975;3,35875964
-9,06599975;5,60100842
-9,06499975;6,72059488
-9,06399975;7,84018135
-9,06299975;8,96284389
-9,06199975;10,08243084
-9,06099975;11,20201683
-9,05999975;12,32467842
-9,05899975;13,44426537
-9,05799975;14,56385231
-9,05699975;14,56385231
-9,05599975;16,80610085
-9,05499975;17,92568779
-9,05399975;17,92568779
-9,05299975;19,04527283
-9,05199975;20,16793633
-9,05099975;21,28752327
-9,04999975;22,40711021
-9,04899975;22,40711021
-9,04799975;23,52669716
-9,04699975;24,64935684
-9,04599975;25,76894569
-9,04499975;25,76894569
-9,04399975;26,88853073
-9,04299975;26,88853073
-9,04199975;28,01119423
-9,04099975;29,13078117
-9,03999975;29,13078117
-9,03899975;29,13078117
-9,03799975;30,25036621
-9,03699975;30,25036621
-9,03599975;30,25036621
-9,03499975;30,25036621
-9,03399975;30,25036621
-9,03299975;30,25036621
-9,03199975;31,36995316
-9,03099975;31,36995316
-9,02999975;31,36995316
-9,02899975;31,36995316
-9,02799975;31,36995316
-9,02699975;31,36995316
-9,02599975;31,36995316
-9,02499975;30,25036621
-9,02399975;30,25036621
-9,02299975;30,25036621
-9,02199975;30,25036621
-9,02099975;30,25036621
-9,01999975;29,13078117
-9,01899975;29,13078117
-9,01799975;29,13078117
-9,01699975;29,13078117
-9,01599975;28,01119423
-9,01499975;28,01119423
-9,01399975;28,01119423
-9,01299975;26,88853073
-9,01199975;25,76894569
-9,01099975;25,76894569
-9,00999975;24,64935684
-9,00899975;23,52669716
-9,00799975;23,52669716
-9,00699975;23,52669716
-9,00599975;22,40711021
-9,00499975;21,28752327
-9,00399975;20,16793633
-9,00299975;19,04527283
-9,00199975;19,04527283
-9,00099975;17,92568779
-8,99999975;17,92568779
-8,99899975;16,80610085
-8,99799975;15,68343925
-8,99699975;14,56385231
-8,99599975;13,44426537
-8,99499975;12,32467842
-8,99399975;11,20201683
-8,99299975;11,20201683
-8,99199975;10,08243084
-8,99099975;8,96284389
-8,98999975;7,84018135
-8,98899975;5,60100842
-8,98799975;5,60100842
-8,98699975;4,48142195
-8,98599975;3,35875964
-8,98499975;1,11958659
-8,98399976;1,11958659
-8,98299976;-1,11958659
-8,98199976;-1,11958659
-8,98099976;-2,23917317
-8,97999976;-4,48142195
-8,97899976;-5,60100842
-8,97799976;-6,72059488
-8,97699976;-7,84018135
-8,97599976;-8,96284389
-8,97499976;-10,08243084
-8,97399976;-11,20201683
-8,97299976;-12,32467842
-8,97199976;-13,44426537
-8,97099976;-14,56385231
-8,96999976;-15,68343925
-8,96899976;-16,80610085
-8,96799976;-17,92568779
-8,96699976;-19,04527283
-8,96599976;-20,16793633
-8,96499976;-20,16793633
-8,96399976;-21,28752327
-8,96299976;-23,52669716
-8,96199976;-23,52669716
-8,96099976;-24,64935684
-8,95999976;-25,76894569
-8,95899976;-25,76894569
-8,95799976;-25,76894569
-8,95699976;-26,88853073
-8,95599976;-28,01119423
-8,95499976;-28,01119423
-8,95399976;-28,01119423
-8,95299976;-29,13078117
-8,95199976;-29,13078117
-8,95099976;-29,13078117
-8,94999976;-29,13078117
-8,94899976;-29,13078117
-8,94799976;-29,13078117
-8,94699976;-29,13078117
-8,94599976;-29,13078117
-8,94499976;-29,13078117
-8,94399976;-29,13078117
-8,94299976;-29,13078117
-8,94199976;-29,13078117
-8,94099976;-29,13078117
-8,93999976;-29,13078117
-8,93899976;-29,13078117
-8,93799976;-29,13078117
-8,93699976;-28,01119423
-8,93599976;-28,01119423
-8,93499976;-28,01119423
-8,93399976;-26,88853073
-8,93299976;-26,88853073
-8,93199976;-26,88853073
-8,93099976;-26,88853073
-8,92999976;-26,88853073
-8,92899976;-25,76894569
-8,92799976;-25,76894569
-8,92699976;-25,76894569
-8,92599976;-24,64935684
-8,92499976;-24,64935684
-8,92399976;-24,64935684
-8,92299976;-23,52669716
-8,92199976;-23,52669716
-8,92099976;-23,52669716
-8,91999976;-23,52669716
-8,91899976;-23,52669716
-8,91799976;-22,40711021
-8,91699976;-21,28752327
-8,91599976;-20,16793633
-8,91499976;-20,16793633
-8,91399976;-19,04527283
-8,91299976;-17,92568779
-8,91199976;-17,92568779
-8,91099976;-17,92568779
-8,90999976;-16,80610085
-8,90899976;-15,68343925
-8,90799976;-15,68343925
-8,90699976;-14,56385231
-8,90599976;-13,44426537
-8,90499976;-13,44426537
-8,90399976;-12,32467842
-8,90299976;-10,08243084
-8,90199976;-10,08243084
-8,90099976;-8,96284389
-8,89999976;-7,84018135
-8,89899976;-7,84018135
-8,89799976;-5,60100842
-8,89699976;-4,48142195
-8,89599976;-3,35875964
-8,89499976;-2,23917317
-8,89399976;-1,11958659
-8,89299976;0,00000000
-8,89199976;1,11958659
-8,89099976;1,11958659
-8,88999976;3,35875964
-8,88899976;4,48142195
-8,88799976;4,48142195
-8,88699976;5,60100842
-8,88599976;7,84018135
-8,88499976;8,96284389
-8,88399976;10,08243084
-8,88299976;10,08243084
-8,88199976;12,32467842
-8,88099976;13,44426537
-8,87999976;14,56385231
-8,87899976;15,68343925
-8,87799976;15,68343925
-8,87699976;17,92568779
-8,87599976;19,04527283
-8,87499976;19,04527283
-8,87399976;20,16793633
-8,87299976;21,28752327
-8,87199976;22,40711021
-8,87099976;22,40711021
-8,86999976;23,52669716
-8,86899976;24,64935684
-8,86799976;25,76894569
-8,86699976;25,76894569
-8,86599976;26,88853073
-8,86499976;28,01119423
-8,86399976;28,01119423
-8,86299976;28,01119423
-8,86199976;29,13078117
-8,86099976;29,13078117
-8,85999976;30,25036621
-8,85899976;30,25036621
-8,85799976;30,25036621
-8,85699976;30,25036621
-8,85599976;31,36995316
-8,85499976;31,36995316
-8,85399976;31,36995316
-8,85299976;31,36995316
-8,85199976;31,36995316
-8,85099976;31,36995316
-8,84999976;31,36995316
-8,84899976;31,36995316
-8,84799976;31,36995316
-8,84699976;30,25036621
-8,84599976;30,25036621
-8,84499976;30,25036621
-8,84399976;30,25036621
-8,84299976;30,25036621
-8,84199976;29,13078117
-8,84099976;29,13078117
-8,83999976;29,13078117
-8,83899976;29,13078117
-8,83799976;28,01119423
-8,83699976;28,01119423
-8,83599976;28,01119423
-8,83499976;26,88853073
-8,83399976;25,76894569
-8,83299976;25,76894569
-8,83199976;24,64935684
-8,83099976;24,64935684
-8,82999976;23,52669716
-8,82899976;22,40711021
-8,82799976;22,40711021
-8,82699976;21,28752327
-8,82599976;20,16793633
-8,82499976;20,16793633
-8,82399976;19,04527283
-8,82299976;17,92568779
-8,82199976;16,80610085
-8,82099976;15,68343925
-8,81999976;15,68343925
-8,81899976;14,56385231
-8,81799976;13,44426537
-8,81699976;12,32467842
-8,81599976;11,20201683
-8,81499976;11,20201683
-8,81399976;8,96284389
-8,81299976;8,96284389
-8,81199976;7,84018135
-8,81099976;5,60100842
-8,80999976;4,48142195
-8,80899976;3,35875964
-8,80799976;2,23917317
-8,80699976;1,11958659
-8,80599976;0,00000000
-8,80499976;-1,11958659
-8,80399976;-2,23917317
-8,80299976;-3,35875964
-8,80199976;-4,48142195
-8,80099976;-5,60100842
-8,79999976;-6,72059488
-8,79899976;-7,84018135
-8,79799976;-8,96284389
-8,79699976;-10,08243084
-8,79599976;-11,20201683
-8,79499976;-12,32467842
-8,79399976;-13,44426537
-8,79299976;-14,56385231
-8,79199976;-15,68343925
-8,79099976;-16,80610085
-8,78999976;-17,92568779
-8,78899976;-19,04527283
-8,78799976;-20,16793633
-8,78699976;-21,28752327
-8,78599976;-21,28752327
-8,78499976;-22,40711021
-8,78399976;-23,52669716
-8,78299976;-24,64935684
-8,78199976;-25,76894569
-8,78099976;-25,76894569
-8,77999976;-26,88853073
-8,77899976;-26,88853073
-8,77799976;-28,01119423
-8,77699976;-28,01119423
-8,77599976;-28,01119423
-8,77499976;-28,01119423
-8,77399976;-29,13078117
-8,77299976;-29,13078117
-8,77199976;-29,13078117
-8,77099976;-29,13078117
-8,76999976;-29,13078117
-8,76899976;-29,13078117
-8,76799976;-29,13078117
-8,76699976;-29,13078117
-8,76599976;-29,13078117
-8,76499976;-29,13078117
-8,76399976;-29,13078117
-8,76299976;-29,13078117
-8,76199976;-29,13078117
-8,76099976;-29,13078117
-8,75999976;-28,01119423
-8,75899976;-28,01119423
-8,75799976;-28,01119423
-8,75699976;-28,01119423
-8,75599976;-26,88853073
-8,75499976;-26,88853073
-8,75399976;-26,88853073
-8,75299976;-26,88853073
-8,75199976;-25,76894569
-8,75099976;-25,76894569
-8,74999976;-25,76894569
-8,74899976;-25,76894569
-8,74799976;-25,76894569
-8,74699976;-24,64935684
-8,74599976;-24,64935684
-8,74499976;-24,64935684
-8,74399976;-23,52669716
-8,74299976;-23,52669716
-8,74199976;-23,52669716
-8,74099976;-23,52669716
-8,73999976;-22,40711021
-8,73899976;-21,28752327
-8,73799976;-21,28752327
-8,73699976;-20,16793633
-8,73599976;-19,04527283
-8,73499976;-19,04527283
-8,73399976;-17,92568779
-8,73299976;-16,80610085
-8,73199976;-15,68343925
-8,73099976;-15,68343925
-8,72999976;-15,68343925
-8,72899976;-14,56385231
-8,72799976;-13,44426537
-8,72699976;-12,32467842
-8,72599976;-12,32467842
-8,72499976;-11,20201683
-8,72399976;-10,08243084
-8,72299976;-8,96284389
-8,72199976;-7,84018135
-8,72099976;-6,72059488
-8,71999976;-5,60100842
-8,71899976;-4,48142195
-8,71799976;-3,35875964
-8,71699976;-2,23917317
-8,71599976;-1,11958659
-8,71499976;0,00000000
-8,71399976;1,11958659
-8,71299976;2,23917317
-8,71199976;3,35875964
-8,71099976;4,48142195
-8,70999976;5,60100842
-8,70899976;6,72059488
-8,70799976;7,84018135
-8,70699976;8,96284389
-8,70599976;10,08243084
-8,70499976;11,20201683
-8,70399976;12,32467842
-8,70299976;13,44426537
-8,70199976;14,56385231
-8,70099976;15,68343925
-8,69999976;16,80610085
-8,69899976;17,92568779
-8,69799976;19,04527283
-8,69699976;20,16793633
-8,69599976;20,16793633
-8,69499976;21,28752327
-8,69399976;22,40711021
-8,69299976;23,52669716
-8,69199976;24,64935684
-8,69099976;24,64935684
-8,68999976;25,76894569
-8,68899976;25,76894569
-8,68799976;26,88853073
-8,68699976;26,88853073
-8,68599976;28,01119423
-8,68499976;28,01119423
-8,68399976;29,13078117
-8,68299976;29,13078117
-8,68199976;30,25036621
-8,68099976;30,25036621
-8,67999976;30,25036621
-8,67899976;30,25036621
-8,67799976;30,25036621
-8,67699976;31,36995316
-8,67599976;31,36995316
-8,67499976;31,36995316
-8,67399976;31,36995316
-8,67299976;31,36995316
-8,67199976;31,36995316
-8,67099976;31,36995316
-8,66999976;31,36995316
-8,66899976;30,25036621
-8,66799976;30,25036621
-8,66699976;30,25036621
-8,66599976;30,25036621
-8,66499976;30,25036621
-8,66399976;30,25036621
-8,66299976;29,13078117
-8,66199976;29,13078117
-8,66099976;28,01119423
-8,65999976;28,01119423
-8,65899976;28,01119423
-8,65799976;28,01119423
-8,65699976;26,88853073
-8,65599976;26,88853073
-8,65499976;25,76894569
-8,65399976;24,64935684
-8,65299976;23,52669716
-8,65199976;23,52669716
-8,65099976;22,40711021
-8,64999976;22,40711021
-8,64899976;21,28752327
-8,64799976;20,16793633
-8,64699976;20,16793633
-8,64599976;19,04527283
-8,64499976;17,92568779
-8,64399976;16,80610085
-8,64299976;15,68343925
-8,64199976;15,68343925
-8,64099976;14,56385231
-8,63999976;13,44426537
-8,63899976;12,32467842
-8,63799976;11,20201683
-8,63699976;10,08243084
-8,63599976;8,96284389
-8,63499976;7,84018135
-8,63399976;6,72059488
-8,63299976;5,60100842
-8,63199976;4,48142195
-8,63099977;3,35875964
-8,62999977;2,23917317
-8,62899977;1,11958659
-8,62799977;0,00000000
-8,62699977;-1,11958659
-8,62599977;-2,23917317
-8,62499977;-3,35875964
-8,62399977;-4,48142195
-8,62299977;-5,60100842
-8,62199977;-6,72059488
-8,62099977;-7,84018135
-8,61999977;-8,96284389
-8,61899977;-10,08243084
-8,61799977;-11,20201683
-8,61699977;-12,32467842
-8,61599977;-13,44426537
-8,61499977;-14,56385231
-8,61399977;-15,68343925
-8,61299977;-16,80610085
-8,61199977;-17,92568779
-8,61099977;-19,04527283
-8,60999977;-20,16793633
-8,60899977;-21,28752327
-8,60799977;-22,40711021
-8,60699977;-23,52669716
-8,60599977;-23,52669716
-8,60499977;-24,64935684
-8,60399977;-25,76894569
-8,60299977;-25,76894569
-8,60199977;-26,88853073
-8,60099977;-26,88853073
-8,59999977;-28,01119423
-8,59899977;-28,01119423
-8,59799977;-28,01119423
-8,59699977;-29,13078117
-8,59599977;-29,13078117
-8,59499977;-29,13078117
-8,59399977;-29,13078117
-8,59299977;-29,13078117
-8,59199977;-29,13078117
-8,59099977;-29,13078117
-8,58999977;-29,13078117
-8,58899977;-30,25036621
-8,58799977;-29,13078117
-8,58699977;-29,13078117
-8,58599977;-29,13078117
-8,58499977;-29,13078117
-8,58399977;-29,13078117
-8,58299977;-28,01119423
-8,58199977;-28,01119423
-8,58099977;-28,01119423
-8,57999977;-28,01119423
-8,57899977;-28,01119423
-8,57799977;-26,88853073
-8,57699977;-26,88853073
-8,57599977;-26,88853073
-8,57499977;-26,88853073
-8,57399977;-25,76894569
-8,57299977;-25,76894569
-8,57199977;-25,76894569
-8,57099977;-25,76894569
-8,56999977;-24,64935684
-8,56899977;-24,64935684
-8,56799977;-24,64935684
-8,56699977;-24,64935684
-8,56599977;-23,52669716
-8,56499977;-23,52669716
-8,56399977;-23,52669716
-8,56299977;-22,40711021
-8,56199977;-22,40711021
-8,56099977;-21,28752327
-8,55999977;-20,16793633
-8,55899977;-20,16793633
-8,55799977;-19,04527283
-8,55699977;-19,04527283
-8,55599977;-17,92568779
-8,55499977;-16,80610085
-8,55399977;-15,68343925
-8,55299977;-15,68343925
-8,55199977;-14,56385231
-8,55099977;-14,56385231
-8,54999977;-13,44426537
-8,54899977;-13,44426537
-8,54799977;-12,32467842
-8,54699977;-11,20201683
-8,54599977;-10,08243084
-8,54499977;-8,96284389
-8,54399977;-7,84018135
-8,54299977;-6,72059488
-8,54199977;-5,60100842
-8,54099977;-4,48142195
-8,53999977;-3,35875964
-8,53899977;-2,23917317
-8,53799977;-1,11958659
-8,53699977;0,00000000
-8,53599977;1,11958659
-8,53499977;2,23917317
-8,53399977;3,35875964
-8,53299977;4,48142195
-8,53199977;5,60100842
-8,53099977;6,72059488
-8,52999977;7,84018135
-8,52899977;8,96284389
-8,52799977;10,08243084
-8,52699977;11,20201683
-8,52599977;12,32467842
-8,52499977;13,44426537
-8,52399977;14,56385231
-8,52299977;15,68343925
-8,52199977;16,80610085
-8,52099977;17,92568779
-8,51999977;19,04527283
-8,51899977;20,16793633
-8,51799977;21,28752327
-8,51699977;21,28752327
-8,51599977;22,40711021
-8,51499977;23,52669716
-8,51399977;23,52669716
-8,51299977;24,64935684
-8,51199977;25,76894569
-8,51099977;25,76894569
-8,50999977;26,88853073
-8,50899977;28,01119423
-8,50799977;28,01119423
-8,50699977;29,13078117
-8,50599977;29,13078117
-8,50499977;29,13078117
-8,50399977;30,25036621
-8,50299977;30,25036621
-8,50199977;30,25036621
-8,50099977;30,25036621
-8,49999977;30,25036621
-8,49899977;30,25036621
-8,49799977;31,36995316
-8,49699977;31,36995316
-8,49599977;31,36995316
-8,49499977;31,36995316
-8,49399977;31,36995316
-8,49299977;30,25036621
-8,49199977;30,25036621
-8,49099977;30,25036621
-8,48999977;31,36995316
-8,48899977;30,25036621
-8,48799977;30,25036621
-8,48699977;30,25036621
-8,48599977;30,25036621
-8,48499977;29,13078117
-8,48399977;29,13078117
-8,48299977;28,01119423
-8,48199977;28,01119423
-8,48099977;28,01119423
-8,47999977;26,88853073
-8,47899977;26,88853073
-8,47799977;25,76894569
-8,47699977;24,64935684
-8,47599977;24,64935684
-8,47499977;23,52669716
-8,47399977;23,52669716
-8,47299977;22,40711021
-8,47199977;22,40711021
-8,47099977;21,28752327
-8,46999977;20,16793633
-8,46899977;19,04527283
-8,46799977;19,04527283
-8,46699977;17,92568779
-8,46599977;16,80610085
-8,46499977;15,68343925
-8,46399977;15,68343925
-8,46299977;14,56385231
-8,46199977;13,44426537
-8,46099977;12,32467842
-8,45999977;11,20201683
-8,45899977;10,08243084
-8,45799977;8,96284389
-8,45699977;7,84018135
-8,45599977;7,84018135
-8,45499977;5,60100842
-8,45399977;4,48142195
-8,45299977;3,35875964
-8,45199977;2,23917317
-8,45099977;1,11958659
-8,44999977;0,00000000
-8,44899977;-1,11958659
-8,44799977;-2,23917317
-8,44699977;-3,35875964
-8,44599977;-4,48142195
-8,44499977;-5,60100842
-8,44399977;-6,72059488
-8,44299977;-7,84018135
-8,44199977;-8,96284389
-8,44099977;-10,08243084
-8,43999977;-11,20201683
-8,43899977;-12,32467842
-8,43799977;-13,44426537
-8,43699977;-15,68343925
-8,43599977;-15,68343925
-8,43499977;-16,80610085
-8,43399977;-17,92568779
-8,43299977;-19,04527283
-8,43199977;-20,16793633
-8,43099977;-21,28752327
-8,42999977;-22,40711021
-8,42899977;-23,52669716
-8,42799977;-24,64935684
-8,42699977;-24,64935684
-8,42599977;-25,76894569
-8,42499977;-25,76894569
-8,42399977;-26,88853073
-8,42299977;-26,88853073
-8,42199977;-26,88853073
-8,42099977;-28,01119423
-8,41999977;-28,01119423
-8,41899977;-29,13078117
-8,41799977;-29,13078117
-8,41699977;-29,13078117
-8,41599977;-29,13078117
-8,41499977;-29,13078117
-8,41399977;-29,13078117
-8,41299977;-29,13078117
-8,41199977;-29,13078117
-8,41099977;-30,25036621
-8,40999977;-29,13078117
-8,40899977;-29,13078117
-8,40799977;-29,13078117
-8,40699977;-29,13078117
-8,40599977;-28,01119423
-8,40499977;-28,01119423
-8,40399977;-28,01119423
-8,40299977;-28,01119423
-8,40199977;-28,01119423
-8,40099977;-28,01119423
-8,39999977;-28,01119423
-8,39899977;-26,88853073
-8,39799977;-26,88853073
-8,39699977;-25,76894569
-8,39599977;-25,76894569
-8,39499977;-25,76894569
-8,39399977;-25,76894569
-8,39299977;-24,64935684
-8,39199977;-24,64935684
-8,39099977;-24,64935684
-8,38999977;-24,64935684
-8,38899977;-24,64935684
-8,38799977;-24,64935684
-8,38699977;-23,52669716
-8,38599977;-23,52669716
-8,38499977;-22,40711021
-8,38399977;-22,40711021
-8,38299977;-21,28752327
-8,38199977;-20,16793633
-8,38099977;-20,16793633
-8,37999977;-19,04527283
-8,37899977;-19,04527283
-8,37799977;-17,92568779
-8,37699977;-16,80610085
-8,37599977;-16,80610085
-8,37499977;-15,68343925
-8,37399977;-14,56385231
-8,37299977;-14,56385231
-8,37199977;-13,44426537
-8,37099977;-12,32467842
-8,36999977;-12,32467842
-8,36899977;-10,08243084
-8,36799977;-8,96284389
-8,36699977;-8,96284389
-8,36599977;-7,84018135
-8,36499977;-6,72059488
-8,36399977;-5,60100842
-8,36299977;-4,48142195
-8,36199977;-3,35875964
-8,36099977;-2,23917317
-8,35999977;-1,11958659
-8,35899977;0,00000000
-8,35799977;1,11958659
-8,35699977;2,23917317
-8,35599977;3,35875964
-8,35499977;4,48142195
-8,35399977;5,60100842
-8,35299977;6,72059488
-8,35199977;7,84018135
-8,35099977;8,96284389
-8,34999977;10,08243084
-8,34899977;11,20201683
-8,34799977;12,32467842
-8,34699977;13,44426537
-8,34599977;14,56385231
-8,34499977;15,68343925
-8,34399977;16,80610085
-8,34299977;17,92568779
-8,34199977;19,04527283
-8,34099977;20,16793633
-8,33999977;21,28752327
-8,33899977;21,28752327
-8,33799977;22,40711021
-8,33699977;23,52669716
-8,33599977;24,64935684
-8,33499977;25,76894569
-8,33399977;25,76894569
-8,33299977;25,76894569
-8,33199977;26,88853073
-8,33099977;28,01119423
-8,32999977;29,13078117
-8,32899977;29,13078117
-8,32799977;29,13078117
-8,32699977;30,25036621
-8,32599977;30,25036621
-8,32499977;30,25036621
-8,32399977;30,25036621
-8,32299977;30,25036621
-8,32199977;31,36995316
-8,32099977;31,36995316
-8,31999977;31,36995316
-8,31899977;31,36995316
-8,31799977;31,36995316
-8,31699977;31,36995316
-8,31599977;31,36995316
-8,31499977;31,36995316
-8,31399977;31,36995316
-8,31299977;30,25036621
-8,31199977;30,25036621
-8,31099977;30,25036621
-8,30999977;30,25036621
-8,30899977;30,25036621
-8,30799977;29,13078117
-8,30699977;29,13078117
-8,30599977;29,13078117
-8,30499977;28,01119423
-8,30399977;28,01119423
-8,30299977;26,88853073
-8,30199977;26,88853073
-8,30099977;26,88853073
-8,29999977;25,76894569
-8,29899977;24,64935684
-8,29799977;24,64935684
-8,29699977;23,52669716
-8,29599977;23,52669716
-8,29499977;22,40711021
-8,29399977;22,40711021
-8,29299977;21,28752327
-8,29199977;20,16793633
-8,29099977;19,04527283
-8,28999977;19,04527283
-8,28899977;17,92568779
-8,28799977;16,80610085
-8,28699977;15,68343925
-8,28599977;14,56385231
-8,28499977;13,44426537
-8,28399977;12,32467842
-8,28299977;12,32467842
-8,28199977;11,20201683
-8,28099977;10,08243084
-8,27999977;8,96284389
-8,27899977;7,84018135
-8,27799977;6,72059488
-8,27699978;5,60100842
-8,27599978;4,48142195
-8,27499978;3,35875964
-8,27399978;2,23917317
-8,27299978;1,11958659
-8,27199978;0,00000000
-8,27099978;-1,11958659
-8,26999978;-2,23917317
-8,26899978;-3,35875964
-8,26799978;-4,48142195
-8,26699978;-6,72059488
-8,26599978;-6,72059488
-8,26499978;-8,96284389
-8,26399978;-8,96284389
-8,26299978;-10,08243084
-8,26199978;-12,32467842
-8,26099978;-13,44426537
-8,25999978;-14,56385231
-8,25899978;-15,68343925
-8,25799978;-16,80610085
-8,25699978;-17,92568779
-8,25599978;-19,04527283
-8,25499978;-19,04527283
-8,25399978;-20,16793633
-8,25299978;-21,28752327
-8,25199978;-22,40711021
-8,25099978;-23,52669716
-8,24999978;-23,52669716
-8,24899978;-24,64935684
-8,24799978;-25,76894569
-8,24699978;-26,88853073
-8,24599978;-26,88853073
-8,24499978;-26,88853073
-8,24399978;-28,01119423
-8,24299978;-28,01119423
-8,24199978;-28,01119423
-8,24099978;-29,13078117
-8,23999978;-29,13078117
-8,23899978;-29,13078117
-8,23799978;-29,13078117
-8,23699978;-29,13078117
-8,23599978;-29,13078117
-8,23499978;-30,25036621
-8,23399978;-30,25036621
-8,23299978;-30,25036621
-8,23199978;-29,13078117
-8,23099978;-29,13078117
-8,22999978;-29,13078117
-8,22899978;-29,13078117
-8,22799978;-29,13078117
-8,22699978;-29,13078117
-8,22599978;-29,13078117
-8,22499978;-28,01119423
-8,22399978;-28,01119423
-8,22299978;-28,01119423
-8,22199978;-26,88853073
-8,22099978;-26,88853073
-8,21999978;-26,88853073
-8,21899978;-25,76894569
-8,21799978;-25,76894569
-8,21699978;-25,76894569
-8,21599978;-25,76894569
-8,21499978;-25,76894569
-8,21399978;-24,64935684
-8,21299978;-24,64935684
-8,21199978;-24,64935684
-8,21099978;-23,52669716
-8,20999978;-23,52669716
-8,20899978;-23,52669716
-8,20799978;-23,52669716
-8,20699978;-22,40711021
-8,20599978;-22,40711021
-8,20499978;-21,28752327
-8,20399978;-21,28752327
-8,20299978;-20,16793633
-8,20199978;-19,04527283
-8,20099978;-17,92568779
-8,19999978;-17,92568779
-8,19899978;-16,80610085
-8,19799978;-16,80610085
-8,19699978;-15,68343925
-8,19599978;-14,56385231
-8,19499978;-13,44426537
-8,19399978;-13,44426537
-8,19299978;-12,32467842
-8,19199978;-11,20201683
-8,19099978;-10,08243084
-8,18999978;-8,96284389
-8,18899978;-7,84018135
-8,18799978;-7,84018135
-8,18699978;-6,72059488
-8,18599978;-5,60100842
-8,18499978;-4,48142195
-8,18399978;-3,35875964
-8,18299978;-2,23917317
-8,18199978;-1,11958659
-8,18099978;0,00000000
-8,17999978;1,11958659
-8,17899978;2,23917317
-8,17799978;4,48142195
-8,17699978;4,48142195
-8,17599978;5,60100842
-8,17499978;6,72059488
-8,17399978;7,84018135
-8,17299978;8,96284389
-8,17199978;10,08243084
-8,17099978;11,20201683
-8,16999978;12,32467842
-8,16899978;13,44426537
-8,16799978;14,56385231
-8,16699978;15,68343925
-8,16599978;16,80610085
-8,16499978;17,92568779
-8,16399978;19,04527283
-8,16299978;19,04527283
-8,16199978;20,16793633
-8,16099978;22,40711021
-8,15999978;22,40711021
-8,15899978;23,52669716
-8,15799978;24,64935684
-8,15699978;24,64935684
-8,15599978;25,76894569
-8,15499978;25,76894569
-8,15399978;26,88853073
-8,15299978;28,01119423
-8,15199978;28,01119423
-8,15099978;29,13078117
-8,14999978;29,13078117
-8,14899978;29,13078117
-8,14799978;30,25036621
-8,14699978;30,25036621
-8,14599978;30,25036621
-8,14499978;30,25036621
-8,14399978;30,25036621
-8,14299978;31,36995316
-8,14199978;31,36995316
-8,14099978;31,36995316
-8,13999978;31,36995316
-8,13899978;31,36995316
-8,13799978;31,36995316
-8,13699978;31,36995316
-8,13599978;31,36995316
-8,13499978;31,36995316
-8,13399978;30,25036621
-8,13299978;30,25036621
-8,13199978;30,25036621
-8,13099978;29,13078117
-8,12999978;29,13078117
-8,12899978;29,13078117
-8,12799978;29,13078117
-8,12699978;29,13078117
-8,12599978;28,01119423
-8,12499978;28,01119423
-8,12399978;26,88853073
-8,12299978;25,76894569
-8,12199978;25,76894569
-8,12099978;24,64935684
-8,11999978;24,64935684
-8,11899978;23,52669716
-8,11799978;23,52669716
-8,11699978;22,40711021
-8,11599978;21,28752327
-8,11499978;20,16793633
-8,11399978;19,04527283
-8,11299978;19,04527283
-8,11199978;19,04527283
-8,11099978;17,92568779
-8,10999978;16,80610085
-8,10899978;15,68343925
-8,10799978;15,68343925
-8,10699978;14,56385231
-8,10599978;13,44426537
-8,10499978;12,32467842
-8,10399978;10,08243084
-8,10299978;10,08243084
-8,10199978;8,96284389
-8,10099978;7,84018135
-8,09999978;6,72059488
-8,09899978;5,60100842
-8,09799978;4,48142195
-8,09699978;3,35875964
-8,09599978;2,23917317
-8,09499978;1,11958659
-8,09399978;0,00000000
-8,09299978;-1,11958659
-8,09199978;-3,35875964
-8,09099978;-4,48142195
-8,08999978;-5,60100842
-8,08899978;-5,60100842
-8,08799978;-7,84018135
-8,08699978;-8,96284389
-8,08599978;-8,96284389
-8,08499978;-10,08243084
-8,08399978;-12,32467842
-8,08299978;-13,44426537
-8,08199978;-14,56385231
-8,08099978;-15,68343925
-8,07999978;-16,80610085
-8,07899978;-17,92568779
-8,07799978;-19,04527283
-8,07699978;-20,16793633
-8,07599978;-20,16793633
-8,07499978;-21,28752327
-8,07399978;-22,40711021
-8,07299978;-23,52669716
-8,07199978;-24,64935684
-8,07099978;-24,64935684
-8,06999978;-25,76894569
-8,06899978;-25,76894569
-8,06799978;-26,88853073
-8,06699978;-26,88853073
-8,06599978;-26,88853073
-8,06499978;-28,01119423
-8,06399978;-28,01119423
-8,06299978;-28,01119423
-8,06199978;-29,13078117
-8,06099978;-29,13078117
-8,05999978;-29,13078117
-8,05899978;-29,13078117
-8,05799978;-29,13078117
-8,05699978;-29,13078117
-8,05599978;-29,13078117
-8,05499978;-29,13078117
-8,05399978;-29,13078117
-8,05299978;-29,13078117
-8,05199978;-29,13078117
-8,05099978;-29,13078117
-8,04999978;-29,13078117
-8,04899978;-29,13078117
-8,04799978;-28,01119423
-8,04699978;-28,01119423
-8,04599978;-28,01119423
-8,04499978;-28,01119423
-8,04399978;-26,88853073
-8,04299978;-26,88853073
-8,04199978;-26,88853073
-8,04099978;-25,76894569
-8,03999978;-25,76894569
-8,03899978;-25,76894569
-8,03799978;-25,76894569
-8,03699978;-24,64935684
-8,03599978;-24,64935684
-8,03499978;-24,64935684
-8,03399978;-24,64935684
-8,03299978;-24,64935684
-8,03199978;-23,52669716
-8,03099978;-23,52669716
-8,02999978;-23,52669716
-8,02899978;-22,40711021
-8,02799978;-22,40711021
-8,02699978;-21,28752327
-8,02599978;-20,16793633
-8,02499978;-20,16793633
-8,02399978;-19,04527283
-8,02299978;-17,92568779
-8,02199978;-17,92568779
-8,02099978;-16,80610085
-8,01999978;-16,80610085
-8,01899978;-14,56385231
-8,01799978;-14,56385231
-8,01699978;-14,56385231
-8,01599978;-13,44426537
-8,01499978;-12,32467842
-8,01399978;-11,20201683
-8,01299978;-10,08243084
-8,01199978;-8,96284389
-8,01099978;-8,96284389
-8,00999978;-6,72059488
-8,00899978;-5,60100842
-8,00799978;-5,60100842
-8,00699978;-4,48142195
-8,00599978;-3,35875964
-8,00499978;-2,23917317
-8,00399978;-1,11958659
-8,00299978;0,00000000
-8,00199978;2,23917317
-8,00099978;2,23917317
-7,99999978;3,35875964
-7,99899978;5,60100842
-7,99799978;6,72059488
-7,99699978;7,84018135
-7,99599978;7,84018135
-7,99499978;8,96284389
-7,99399978;10,08243084
-7,99299978;12,32467842
-7,99199978;12,32467842
-7,99099978;13,44426537
-7,98999978;14,56385231
-7,98899978;15,68343925
-7,98799978;16,80610085
-7,98699978;17,92568779
-7,98599978;19,04527283
-7,98499978;20,16793633
-7,98399978;21,28752327
-7,98299978;21,28752327
-7,98199978;22,40711021
-7,98099978;23,52669716
-7,97999978;24,64935684
-7,97899978;24,64935684
-7,97799978;25,76894569
-7,97699978;26,88853073
-7,97599978;26,88853073
-7,97499978;28,01119423
-7,97399978;28,01119423
-7,97299978;29,13078117
-7,97199978;29,13078117
-7,97099978;30,25036621
-7,96999978;30,25036621
-7,96899978;30,25036621
-7,96799978;30,25036621
-7,96699978;30,25036621
-7,96599978;31,36995316
-7,96499978;31,36995316
-7,96399978;31,36995316
-7,96299978;31,36995316
-7,96199978;31,36995316
-7,96099978;31,36995316
-7,95999978;31,36995316
-7,95899978;31,36995316
-7,95799978;30,25036621
-7,95699978;30,25036621
-7,95599978;30,25036621
-7,95499978;30,25036621
-7,95399978;30,25036621
-7,95299978;30,25036621
-7,95199978;30,25036621
-7,95099978;29,13078117
-7,94999978;29,13078117
-7,94899978;28,01119423
-7,94799978;28,01119423
-7,94699978;26,88853073
-7,94599978;26,88853073
-7,94499978;25,76894569
-7,94399978;25,76894569
-7,94299978;24,64935684
-7,94199978;24,64935684
-7,94099978;23,52669716
-7,93999978;22,40711021
-7,93899978;22,40711021
-7,93799978;21,28752327
-7,93699978;21,28752327
-7,93599978;20,16793633
-7,93499978;19,04527283
-7,93399978;19,04527283
-7,93299978;17,92568779
-7,93199978;16,80610085
-7,93099978;15,68343925
-7,92999978;14,56385231
-7,92899978;13,44426537
-7,92799978;12,32467842
-7,92699978;11,20201683
-7,92599978;10,08243084
-7,92499978;10,08243084
-7,92399978;8,96284389
-7,92299979;6,72059488
-7,92199979;6,72059488
-7,92099979;5,60100842
-7,91999979;4,48142195
-7,91899979;3,35875964
-7,91799979;2,23917317
-7,91699979;0,00000000
-7,91599979;-1,11958659
-7,91499979;-2,23917317
-7,91399979;-3,35875964
-7,91299979;-4,48142195
-7,91199979;-5,60100842
-7,91099979;-6,72059488
-7,90999979;-7,84018135
-7,90899979;-8,96284389
-7,90799979;-10,08243084
-7,90699979;-11,20201683
-7,90599979;-12,32467842
-7,90499979;-13,44426537
-7,90399979;-14,56385231
-7,90299979;-15,68343925
-7,90199979;-16,80610085
-7,90099979;-17,92568779
-7,89999979;-19,04527283
-7,89899979;-20,16793633
-7,89799979;-20,16793633
-7,89699979;-21,28752327
-7,89599979;-22,40711021
-7,89499979;-23,52669716
-7,89399979;-23,52669716
-7,89299979;-24,64935684
-7,89199979;-25,76894569
-7,89099979;-26,88853073
-7,88999979;-26,88853073
-7,88899979;-26,88853073
-7,88799979;-28,01119423
-7,88699979;-28,01119423
-7,88599979;-28,01119423
-7,88499979;-28,01119423
-7,88399979;-29,13078117
-7,88299979;-29,13078117
-7,88199979;-29,13078117
-7,88099979;-29,13078117
-7,87999979;-30,25036621
-7,87899979;-29,13078117
-7,87799979;-30,25036621
-7,87699979;-29,13078117
-7,87599979;-29,13078117
-7,87499979;-29,13078117
-7,87399979;-29,13078117
-7,87299979;-29,13078117
-7,87199979;-29,13078117
-7,87099979;-29,13078117
-7,86999979;-28,01119423
-7,86899979;-28,01119423
-7,86799979;-28,01119423
-7,86699979;-28,01119423
-7,86599979;-26,88853073
-7,86499979;-26,88853073
-7,86399979;-25,76894569
-7,86299979;-25,76894569
-7,86199979;-25,76894569
-7,86099979;-25,76894569
-7,85999979;-25,76894569
-7,85899979;-24,64935684
-7,85799979;-24,64935684
-7,85699979;-24,64935684
-7,85599979;-24,64935684
-7,85499979;-23,52669716
-7,85399979;-23,52669716
-7,85299979;-23,52669716
-7,85199979;-22,40711021
-7,85099979;-22,40711021
-7,84999979;-21,28752327
-7,84899979;-21,28752327
-7,84799979;-20,16793633
-7,84699979;-20,16793633
-7,84599979;-19,04527283
-7,84499979;-17,92568779
-7,84399979;-17,92568779
-7,84299979;-16,80610085
-7,84199979;-15,68343925
-7,84099979;-14,56385231
-7,83999979;-14,56385231
-7,83899979;-13,44426537
-7,83799979;-13,44426537
-7,83699979;-12,32467842
-7,83599979;-11,20201683
-7,83499979;-10,08243084
-7,83399979;-8,96284389
-7,83299979;-7,84018135
-7,83199979;-7,84018135
-7,83099979;-6,72059488
-7,82999979;-4,48142195
-7,82899979;-4,48142195
-7,82799979;-3,35875964
-7,82699979;-2,23917317
-7,82599979;0,00000000
-7,82499979;0,00000000
-7,82399979;1,11958659
-7,82299979;3,35875964
-7,82199979;4,48142195
-7,82099979;5,60100842
-7,81999979;6,72059488
-7,81899979;7,84018135
-7,81799979;8,96284389
-7,81699979;8,96284389
-7,81599979;11,20201683
-7,81499979;12,32467842
-7,81399979;13,44426537
-7,81299979;14,56385231
-7,81199979;14,56385231
-7,81099979;15,68343925
-7,80999979;16,80610085
-7,80899979;17,92568779
-7,80799979;19,04527283
-7,80699979;20,16793633
-7,80599979;21,28752327
-7,80499979;22,40711021
-7,80399979;22,40711021
-7,80299979;23,52669716
-7,80199979;24,64935684
-7,80099979;24,64935684
-7,79999979;25,76894569
-7,79899979;26,88853073
-7,79799979;26,88853073
-7,79699979;28,01119423
-7,79599979;28,01119423
-7,79499979;29,13078117
-7,79399979;29,13078117
-7,79299979;30,25036621
-7,79199979;30,25036621
-7,79099979;30,25036621
-7,78999979;31,36995316
-7,78899979;31,36995316
-7,78799979;31,36995316
-7,78699979;31,36995316
-7,78599979;31,36995316
-7,78499979;31,36995316
-7,78399979;31,36995316
-7,78299979;31,36995316
-7,78199979;31,36995316
-7,78099979;31,36995316
-7,77999979;31,36995316
-7,77899979;30,25036621
-7,77799979;30,25036621
-7,77699979;30,25036621
-7,77599979;30,25036621
-7,77499979;29,13078117
-7,77399979;29,13078117
-7,77299979;29,13078117
-7,77199979;28,01119423
-7,77099979;28,01119423
-7,76999979;28,01119423
-7,76899979;28,01119423
-7,76799979;26,88853073
-7,76699979;26,88853073
-7,76599979;25,76894569
-7,76499979;24,64935684
-7,76399979;23,52669716
-7,76299979;23,52669716
-7,76199979;23,52669716
-7,76099979;22,40711021
-7,75999979;21,28752327
-7,75899979;20,16793633
-7,75799979;20,16793633
-7,75699979;19,04527283
-7,75599979;17,92568779
-7,75499979;16,80610085
-7,75399979;16,80610085
-7,75299979;15,68343925
-7,75199979;14,56385231
-7,75099979;13,44426537
-7,74999979;12,32467842
-7,74899979;11,20201683
-7,74799979;10,08243084
-7,74699979;10,08243084
-7,74599979;8,96284389
-7,74499979;7,84018135
-7,74399979;6,72059488
-7,74299979;5,60100842
-7,74199979;4,48142195
-7,74099979;2,23917317
-7,73999979;1,11958659
-7,73899979;0,00000000
-7,73799979;-1,11958659
-7,73699979;-2,23917317
-7,73599979;-3,35875964
-7,73499979;-4,48142195
-7,73399979;-5,60100842
-7,73299979;-6,72059488
-7,73199979;-7,84018135
-7,73099979;-8,96284389
-7,72999979;-11,20201683
-7,72899979;-11,20201683
-7,72799979;-12,32467842
-7,72699979;-13,44426537
-7,72599979;-14,56385231
-7,72499979;-15,68343925
-7,72399979;-16,80610085
-7,72299979;-17,92568779
-7,72199979;-19,04527283
-7,72099979;-20,16793633
-7,71999979;-21,28752327
-7,71899979;-21,28752327
-7,71799979;-23,52669716
-7,71699979;-23,52669716
-7,71599979;-24,64935684
-7,71499979;-24,64935684
-7,71399979;-25,76894569
-7,71299979;-26,88853073
-7,71199979;-26,88853073
-7,71099979;-28,01119423
-7,70999979;-28,01119423
-7,70899979;-28,01119423
-7,70799979;-29,13078117
-7,70699979;-29,13078117
-7,70599979;-29,13078117
-7,70499979;-29,13078117
-7,70399979;-29,13078117
-7,70299979;-29,13078117
-7,70199979;-29,13078117
-7,70099979;-29,13078117
-7,69999979;-29,13078117
-7,69899979;-30,25036621
-7,69799979;-29,13078117
-7,69699979;-29,13078117
-7,69599979;-29,13078117
-7,69499979;-29,13078117
-7,69399979;-29,13078117
-7,69299979;-28,01119423
-7,69199979;-28,01119423
-7,69099979;-28,01119423
-7,68999979;-28,01119423
-7,68899979;-26,88853073
-7,68799979;-26,88853073
-7,68699979;-26,88853073
-7,68599979;-26,88853073
-7,68499979;-25,76894569
-7,68399979;-25,76894569
-7,68299979;-25,76894569
-7,68199979;-24,64935684
-7,68099979;-24,64935684
-7,67999979;-24,64935684
-7,67899979;-24,64935684
-7,67799979;-24,64935684
-7,67699979;-24,64935684
-7,67599979;-23,52669716
-7,67499979;-23,52669716
-7,67399979;-22,40711021
-7,67299979;-22,40711021
-7,67199979;-21,28752327
-7,67099979;-20,16793633
-7,66999979;-20,16793633
-7,66899979;-20,16793633
-7,66799979;-19,04527283
-7,66699979;-17,92568779
-7,66599979;-17,92568779
-7,66499979;-16,80610085
-7,66399979;-15,68343925
-7,66299979;-15,68343925
-7,66199979;-14,56385231
-7,66099979;-13,44426537
-7,65999979;-13,44426537
-7,65899979;-12,32467842
-7,65799979;-11,20201683
-7,65699979;-10,08243084
-7,65599979;-8,96284389
-7,65499979;-7,84018135
-7,65399979;-6,72059488
-7,65299979;-5,60100842
-7,65199979;-5,60100842
-7,65099979;-4,48142195
-7,64999979;-3,35875964
-7,64899979;-1,11958659
-7,64799979;0,00000000
-7,64699979;0,00000000
-7,64599979;2,23917317
-7,64499979;3,35875964
-7,64399979;4,48142195
-7,64299979;5,60100842
-7,64199979;6,72059488
-7,64099979;7,84018135
-7,63999979;8,96284389
-7,63899979;10,08243084
-7,63799979;11,20201683
-7,63699979;11,20201683
-7,63599979;13,44426537
-7,63499979;14,56385231
-7,63399979;15,68343925
-7,63299979;16,80610085
-7,63199979;16,80610085
-7,63099979;17,92568779
-7,62999979;19,04527283
-7,62899979;20,16793633
-7,62799979;21,28752327
-7,62699979;22,40711021
-7,62599979;22,40711021
-7,62499979;23,52669716
-7,62399979;24,64935684
-7,62299979;25,76894569
-7,62199979;25,76894569
-7,62099979;26,88853073
-7,61999979;26,88853073
-7,61899979;28,01119423
-7,61799979;29,13078117
-7,61699979;29,13078117
-7,61599979;29,13078117
-7,61499979;29,13078117
-7,61399979;30,25036621
-7,61299979;30,25036621
-7,61199979;30,25036621
-7,61099979;30,25036621
-7,60999979;31,36995316
-7,60899979;31,36995316
-7,60799979;31,36995316
-7,60699979;31,36995316
-7,60599979;31,36995316
-7,60499979;31,36995316
-7,60399979;30,25036621
-7,60299979;30,25036621
-7,60199979;31,36995316
-7,60099979;31,36995316
-7,59999979;30,25036621
-7,59899979;30,25036621
-7,59799979;30,25036621
-7,59699979;29,13078117
-7,59599979;29,13078117
-7,59499979;29,13078117
-7,59399979;29,13078117
-7,59299979;28,01119423
-7,59199979;28,01119423
-7,59099979;26,88853073
-7,58999979;26,88853073
-7,58899979;25,76894569
-7,58799979;25,76894569
-7,58699979;24,64935684
-7,58599979;24,64935684
-7,58499979;23,52669716
-7,58399979;23,52669716
-7,58299979;22,40711021
-7,58199979;21,28752327
-7,58099979;21,28752327
-7,57999979;20,16793633
-7,57899979;19,04527283
-7,57799979;17,92568779
-7,57699979;17,92568779
-7,57599979;16,80610085
-7,57499979;15,68343925
-7,57399979;14,56385231
-7,57299979;13,44426537
-7,57199979;12,32467842
-7,57099979;11,20201683
-7,56999980;10,08243084
-7,56899980;8,96284389
-7,56799980;8,96284389
-7,56699980;6,72059488
-7,56599980;6,72059488
-7,56499980;4,48142195
-7,56399980;4,48142195
-7,56299980;3,35875964
-7,56199980;1,11958659
-7,56099980;0,00000000
-7,55999980;-1,11958659
-7,55899980;-2,23917317
-7,55799980;-3,35875964
-7,55699980;-4,48142195
-7,55599980;-5,60100842
-7,55499980;-6,72059488
-7,55399980;-7,84018135
-7,55299980;-8,96284389
-7,55199980;-10,08243084
-7,55099980;-12,32467842
-7,54999980;-12,32467842
-7,54899980;-13,44426537
-7,54799980;-14,56385231
-7,54699980;-15,68343925
-7,54599980;-16,80610085
-7,54499980;-17,92568779
-7,54399980;-19,04527283
-7,54299980;-19,04527283
-7,54199980;-21,28752327
-7,54099980;-22,40711021
-7,53999980;-22,40711021
-7,53899980;-23,52669716
-7,53799980;-24,64935684
-7,53699980;-25,76894569
-7,53599980;-25,76894569
-7,53499980;-26,88853073
-7,53399980;-26,88853073
-7,53299980;-28,01119423
-7,53199980;-28,01119423
-7,53099980;-28,01119423
-7,52999980;-28,01119423
-7,52899980;-29,13078117
-7,52799980;-29,13078117
-7,52699980;-29,13078117
-7,52599980;-29,13078117
-7,52499980;-29,13078117
-7,52399980;-29,13078117
-7,52299980;-30,25036621
-7,52199980;-30,25036621
-7,52099980;-30,25036621
-7,51999980;-30,25036621
-7,51899980;-29,13078117
-7,51799980;-29,13078117
-7,51699980;-29,13078117
-7,51599980;-29,13078117
-7,51499980;-28,01119423
-7,51399980;-28,01119423
-7,51299980;-28,01119423
-7,51199980;-28,01119423
-7,51099980;-26,88853073
-7,50999980;-26,88853073
-7,50899980;-26,88853073
-7,50799980;-26,88853073
-7,50699980;-26,88853073
-7,50599980;-25,76894569
-7,50499980;-24,64935684
-7,50399980;-24,64935684
-7,50299980;-24,64935684
-7,50199980;-24,64935684
-7,50099980;-24,64935684
-7,49999980;-24,64935684
-7,49899980;-23,52669716
-7,49799980;-23,52669716
-7,49699980;-23,52669716
-7,49599980;-23,52669716
-7,49499980;-22,40711021
-7,49399980;-21,28752327
-7,49299980;-20,16793633
-7,49199980;-20,16793633
-7,49099980;-20,16793633
-7,48999980;-19,04527283
-7,48899980;-17,92568779
-7,48799980;-16,80610085
-7,48699980;-15,68343925
-7,48599980;-15,68343925
-7,48499980;-15,68343925
-7,48399980;-14,56385231
-7,48299980;-14,56385231
-7,48199980;-13,44426537
-7,48099980;-12,32467842
-7,47999980;-11,20201683
-7,47899980;-10,08243084
-7,47799980;-8,96284389
-7,47699980;-7,84018135
-7,47599980;-6,72059488
-7,47499980;-5,60100842
-7,47399980;-4,48142195
-7,47299980;-3,35875964
-7,47199980;-2,23917317
-7,47099980;-1,11958659
-7,46999980;0,00000000
-7,46899980;1,11958659
-7,46799980;2,23917317
-7,46699980;3,35875964
-7,46599980;4,48142195
-7,46499980;5,60100842
-7,46399980;6,72059488
-7,46299980;7,84018135
-7,46199980;8,96284389
-7,46099980;10,08243084
-7,45999980;11,20201683
-7,45899980;12,32467842
-7,45799980;13,44426537
-7,45699980;14,56385231
-7,45599980;15,68343925
-7,45499980;16,80610085
-7,45399980;17,92568779
-7,45299980;19,04527283
-7,45199980;20,16793633
-7,45099980;20,16793633
-7,44999980;21,28752327
-7,44899980;22,40711021
-7,44799980;22,40711021
-7,44699980;23,52669716
-7,44599980;24,64935684
-7,44499980;25,76894569
-7,44399980;25,76894569
-7,44299980;26,88853073
-7,44199980;26,88853073
-7,44099980;28,01119423
-7,43999980;28,01119423
-7,43899980;29,13078117
-7,43799980;29,13078117
-7,43699980;29,13078117
-7,43599980;30,25036621
-7,43499980;30,25036621
-7,43399980;30,25036621
-7,43299980;30,25036621
-7,43199980;31,36995316
-7,43099980;31,36995316
-7,42999980;31,36995316
-7,42899980;31,36995316
-7,42799980;31,36995316
-7,42699980;30,25036621
-7,42599980;31,36995316
-7,42499980;31,36995316
-7,42399980;31,36995316
-7,42299980;30,25036621
-7,42199980;30,25036621
-7,42099980;30,25036621
-7,41999980;29,13078117
-7,41899980;30,25036621
-7,41799980;29,13078117
-7,41699980;29,13078117
-7,41599980;29,13078117
-7,41499980;28,01119423
-7,41399980;28,01119423
-7,41299980;26,88853073
-7,41199980;26,88853073
-7,41099980;25,76894569
-7,40999980;25,76894569
-7,40899980;24,64935684
-7,40799980;23,52669716
-7,40699980;23,52669716
-7,40599980;22,40711021
-7,40499980;21,28752327
-7,40399980;21,28752327
-7,40299980;20,16793633
-7,40199980;19,04527283
-7,40099980;19,04527283
-7,39999980;17,92568779
-7,39899980;17,92568779
-7,39799980;16,80610085
-7,39699980;15,68343925
-7,39599980;14,56385231
-7,39499980;13,44426537
-7,39399980;12,32467842
-7,39299980;11,20201683
-7,39199980;11,20201683
-7,39099980;8,96284389
-7,38999980;7,84018135
-7,38899980;6,72059488
-7,38799980;5,60100842
-7,38699980;4,48142195
-7,38599980;3,35875964
-7,38499980;2,23917317
-7,38399980;1,11958659
-7,38299980;0,00000000
-7,38199980;-1,11958659
-7,38099980;-2,23917317
-7,37999980;-3,35875964
-7,37899980;-4,48142195
-7,37799980;-5,60100842
-7,37699980;-6,72059488
-7,37599980;-7,84018135
-7,37499980;-8,96284389
-7,37399980;-10,08243084
-7,37299980;-11,20201683
-7,37199980;-12,32467842
-7,37099980;-13,44426537
-7,36999980;-15,68343925
-7,36899980;-16,80610085
-7,36799980;-16,80610085
-7,36699980;-17,92568779
-7,36599980;-19,04527283
-7,36499980;-20,16793633
-7,36399980;-21,28752327
-7,36299980;-22,40711021
-7,36199980;-22,40711021
-7,36099980;-23,52669716
-7,35999980;-24,64935684
-7,35899980;-25,76894569
-7,35799980;-25,76894569
-7,35699980;-26,88853073
-7,35599980;-28,01119423
-7,35499980;-28,01119423
-7,35399980;-28,01119423
-7,35299980;-28,01119423
-7,35199980;-28,01119423
-7,35099980;-28,01119423
-7,34999980;-29,13078117
-7,34899980;-29,13078117
-7,34799980;-29,13078117
-7,34699980;-29,13078117
-7,34599980;-29,13078117
-7,34499980;-29,13078117
-7,34399980;-29,13078117
-7,34299980;-29,13078117
-7,34199980;-29,13078117
-7,34099980;-29,13078117
-7,33999980;-30,25036621
-7,33899980;-29,13078117
-7,33799980;-29,13078117
-7,33699980;-28,01119423
-7,33599980;-29,13078117
-7,33499980;-28,01119423
-7,33399980;-26,88853073
-7,33299980;-26,88853073
-7,33199980;-26,88853073
-7,33099980;-26,88853073
-7,32999980;-26,88853073
-7,32899980;-25,76894569
-7,32799980;-25,76894569
-7,32699980;-25,76894569
-7,32599980;-25,76894569
-7,32499980;-25,76894569
-7,32399980;-24,64935684
-7,32299980;-24,64935684
-7,32199980;-24,64935684
-7,32099980;-23,52669716
-7,31999980;-23,52669716
-7,31899980;-23,52669716
-7,31799980;-22,40711021
-7,31699980;-22,40711021
-7,31599980;-21,28752327
-7,31499980;-21,28752327
-7,31399980;-20,16793633
-7,31299980;-19,04527283
-7,31199980;-19,04527283
-7,31099980;-17,92568779
-7,30999980;-16,80610085
-7,30899980;-16,80610085
-7,30799980;-15,68343925
-7,30699980;-15,68343925
-7,30599980;-14,56385231
-7,30499980;-13,44426537
-7,30399980;-12,32467842
-7,30299980;-12,32467842
-7,30199980;-11,20201683
-7,30099980;-10,08243084
-7,29999980;-8,96284389
-7,29899980;-7,84018135
-7,29799980;-6,72059488
-7,29699980;-5,60100842
-7,29599980;-4,48142195
-7,29499980;-3,35875964
-7,29399980;-2,23917317
-7,29299980;-1,11958659
-7,29199980;0,00000000
-7,29099980;0,00000000
-7,28999980;2,23917317
-7,28899980;3,35875964
-7,28799980;4,48142195
-7,28699980;5,60100842
-7,28599980;6,72059488
-7,28499980;7,84018135
-7,28399980;8,96284389
-7,28299980;10,08243084
-7,28199980;11,20201683
-7,28099980;12,32467842
-7,27999980;13,44426537
-7,27899980;14,56385231
-7,27799980;15,68343925
-7,27699980;16,80610085
-7,27599980;17,92568779
-7,27499980;17,92568779
-7,27399980;20,16793633
-7,27299980;20,16793633
-7,27199980;21,28752327
-7,27099980;22,40711021
-7,26999980;23,52669716
-7,26899980;23,52669716
-7,26799980;24,64935684
-7,26699980;24,64935684
-7,26599980;25,76894569
-7,26499980;26,88853073
-7,26399980;28,01119423
-7,26299980;28,01119423
-7,26199980;29,13078117
-7,26099980;29,13078117
-7,25999980;29,13078117
-7,25899980;30,25036621
-7,25799980;30,25036621
-7,25699980;30,25036621
-7,25599980;30,25036621
-7,25499980;31,36995316
-7,25399980;31,36995316
-7,25299980;31,36995316
-7,25199980;31,36995316
-7,25099980;31,36995316
-7,24999980;31,36995316
-7,24899980;31,36995316
-7,24799980;31,36995316
-7,24699980;30,25036621
-7,24599980;30,25036621
-7,24499980;30,25036621
-7,24399980;30,25036621
-7,24299980;30,25036621
-7,24199980;30,25036621
-7,24099980;29,13078117
-7,23999980;29,13078117
-7,23899980;29,13078117
-7,23799980;29,13078117
-7,23699980;29,13078117
-7,23599980;28,01119423
-7,23499980;26,88853073
-7,23399980;26,88853073
-7,23299980;25,76894569
-7,23199980;25,76894569
-7,23099980;24,64935684
-7,22999980;23,52669716
-7,22899980;23,52669716
-7,22799980;22,40711021
-7,22699980;22,40711021
-7,22599980;21,28752327
-7,22499980;20,16793633
-7,22399980;19,04527283
-7,22299980;19,04527283
-7,22199980;17,92568779
-7,22099980;16,80610085
-7,21999980;15,68343925
-7,21899980;14,56385231
-7,21799980;14,56385231
-7,21699980;13,44426537
-7,21599981;12,32467842
-7,21499981;11,20201683
-7,21399981;10,08243084
-7,21299981;8,96284389
-7,21199981;7,84018135
-7,21099981;6,72059488
-7,20999981;5,60100842
-7,20899981;4,48142195
-7,20799981;3,35875964
-7,20699981;2,23917317
-7,20599981;1,11958659
-7,20499981;0,00000000
-7,20399981;-1,11958659
-7,20299981;-2,23917317
-7,20199981;-3,35875964
-7,20099981;-4,48142195
-7,19999981;-5,60100842
-7,19899981;-6,72059488
-7,19799981;-7,84018135
-7,19699981;-8,96284389
-7,19599981;-10,08243084
-7,19499981;-11,20201683
-7,19399981;-12,32467842
-7,19299981;-13,44426537
-7,19199981;-14,56385231
-7,19099981;-15,68343925
-7,18999981;-16,80610085
-7,18899981;-19,04527283
-7,18799981;-19,04527283
-7,18699981;-20,16793633
-7,18599981;-21,28752327
-7,18499981;-22,40711021
-7,18399981;-23,52669716
-7,18299981;-24,64935684
-7,18199981;-24,64935684
-7,18099981;-25,76894569
-7,17999981;-26,88853073
-7,17899981;-26,88853073
-7,17799981;-26,88853073
-7,17699981;-28,01119423
-7,17599981;-28,01119423
-7,17499981;-28,01119423
-7,17399981;-28,01119423
-7,17299981;-29,13078117
-7,17199981;-29,13078117
-7,17099981;-29,13078117
-7,16999981;-30,25036621
-7,16899981;-29,13078117
-7,16799981;-29,13078117
-7,16699981;-29,13078117
-7,16599981;-29,13078117
-7,16499981;-30,25036621
-7,16399981;-29,13078117
-7,16299981;-29,13078117
-7,16199981;-29,13078117
-7,16099981;-29,13078117
-7,15999981;-28,01119423
-7,15899981;-28,01119423
-7,15799981;-29,13078117
-7,15699981;-28,01119423
-7,15599981;-28,01119423
-7,15499981;-26,88853073
-7,15399981;-26,88853073
-7,15299981;-26,88853073
-7,15199981;-25,76894569
-7,15099981;-25,76894569
-7,14999981;-25,76894569
-7,14899981;-25,76894569
-7,14799981;-25,76894569
-7,14699981;-24,64935684
-7,14599981;-24,64935684
-7,14499981;-24,64935684
-7,14399981;-24,64935684
-7,14299981;-23,52669716
-7,14199981;-23,52669716
-7,14099981;-23,52669716
-7,13999981;-22,40711021
-7,13899981;-22,40711021
-7,13799981;-21,28752327
-7,13699981;-20,16793633
-7,13599981;-20,16793633
-7,13499981;-19,04527283
-7,13399981;-17,92568779
-7,13299981;-17,92568779
-7,13199981;-17,92568779
-7,13099981;-16,80610085
-7,12999981;-15,68343925
-7,12899981;-14,56385231
-7,12799981;-13,44426537
-7,12699981;-13,44426537
-7,12599981;-12,32467842
-7,12499981;-11,20201683
-7,12399981;-10,08243084
-7,12299981;-8,96284389
-7,12199981;-8,96284389
-7,12099981;-7,84018135
-7,11999981;-6,72059488
-7,11899981;-5,60100842
-7,11799981;-4,48142195
-7,11699981;-3,35875964
-7,11599981;-2,23917317
-7,11499981;-1,11958659
-7,11399981;0,00000000
-7,11299981;1,11958659
-7,11199981;2,23917317
-7,11099981;3,35875964
-7,10999981;4,48142195
-7,10899981;5,60100842
-7,10799981;6,72059488
-7,10699981;7,84018135
-7,10599981;8,96284389
-7,10499981;10,08243084
-7,10399981;11,20201683
-7,10299981;12,32467842
-7,10199981;13,44426537
-7,10099981;14,56385231
-7,09999981;15,68343925
-7,09899981;16,80610085
-7,09799981;17,92568779
-7,09699981;19,04527283
-7,09599981;20,16793633
-7,09499981;20,16793633
-7,09399981;21,28752327
-7,09299981;22,40711021
-7,09199981;23,52669716
-7,09099981;23,52669716
-7,08999981;24,64935684
-7,08899981;25,76894569
-7,08799981;25,76894569
-7,08699981;26,88853073
-7,08599981;28,01119423
-7,08499981;28,01119423
-7,08399981;29,13078117
-7,08299981;29,13078117
-7,08199981;29,13078117
-7,08099981;30,25036621
-7,07999981;30,25036621
-7,07899981;30,25036621
-7,07799981;30,25036621
-7,07699981;30,25036621
-7,07599981;31,36995316
-7,07499981;31,36995316
-7,07399981;31,36995316
-7,07299981;31,36995316
-7,07199981;31,36995316
-7,07099981;31,36995316
-7,06999981;31,36995316
-7,06899981;30,25036621
-7,06799981;30,25036621
-7,06699981;30,25036621
-7,06599981;30,25036621
-7,06499981;30,25036621
-7,06399981;30,25036621
-7,06299981;29,13078117
-7,06199981;29,13078117
-7,06099981;29,13078117
-7,05999981;29,13078117
-7,05899981;28,01119423
-7,05799981;28,01119423
-7,05699981;26,88853073
-7,05599981;26,88853073
-7,05499981;25,76894569
-7,05399981;24,64935684
-7,05299981;24,64935684
-7,05199981;24,64935684
-7,05099981;23,52669716
-7,04999981;22,40711021
-7,04899981;22,40711021
-7,04799981;21,28752327
-7,04699981;20,16793633
-7,04599981;19,04527283
-7,04499981;19,04527283
-7,04399981;17,92568779
-7,04299981;16,80610085
-7,04199981;15,68343925
-7,04099981;14,56385231
-7,03999981;13,44426537
-7,03899981;13,44426537
-7,03799981;12,32467842
-7,03699981;11,20201683
-7,03599981;10,08243084
-7,03499981;8,96284389
-7,03399981;7,84018135
-7,03299981;6,72059488
-7,03199981;5,60100842
-7,03099981;4,48142195
-7,02999981;3,35875964
-7,02899981;2,23917317
-7,02799981;1,11958659
-7,02699981;-1,11958659
-7,02599981;-1,11958659
-7,02499981;-2,23917317
-7,02399981;-3,35875964
-7,02299981;-5,60100842
-7,02199981;-6,72059488
-7,02099981;-6,72059488
-7,01999981;-7,84018135
-7,01899981;-10,08243084
-7,01799981;-11,20201683
-7,01699981;-12,32467842
-7,01599981;-13,44426537
-7,01499981;-14,56385231
-7,01399981;-15,68343925
-7,01299981;-15,68343925
-7,01199981;-17,92568779
-7,01099981;-19,04527283
-7,00999981;-19,04527283
-7,00899981;-20,16793633
-7,00799981;-21,28752327
-7,00699981;-22,40711021
-7,00599981;-23,52669716
-7,00499981;-24,64935684
-7,00399981;-24,64935684
-7,00299981;-25,76894569
-7,00199981;-25,76894569
-7,00099981;-26,88853073
-6,99999981;-26,88853073
-6,99899981;-28,01119423
-6,99799981;-28,01119423
-6,99699981;-29,13078117
-6,99599981;-29,13078117
-6,99499981;-29,13078117
-6,99399981;-29,13078117
-6,99299981;-29,13078117
-6,99199981;-29,13078117
-6,99099981;-29,13078117
-6,98999981;-29,13078117
-6,98899981;-30,25036621
-6,98799981;-29,13078117
-6,98699981;-30,25036621
-6,98599981;-29,13078117
-6,98499981;-29,13078117
-6,98399981;-29,13078117
-6,98299981;-29,13078117
-6,98199981;-29,13078117
-6,98099981;-28,01119423
-6,97999981;-28,01119423
-6,97899981;-28,01119423
-6,97799981;-28,01119423
-6,97699981;-26,88853073
-6,97599981;-26,88853073
-6,97499981;-26,88853073
-6,97399981;-25,76894569
-6,97299981;-25,76894569
-6,97199981;-25,76894569
-6,97099981;-25,76894569
-6,96999981;-24,64935684
-6,96899981;-24,64935684
-6,96799981;-24,64935684
-6,96699981;-24,64935684
-6,96599981;-24,64935684
-6,96499981;-23,52669716
-6,96399981;-23,52669716
-6,96299981;-23,52669716
-6,96199981;-22,40711021
-6,96099981;-22,40711021
-6,95999981;-21,28752327
-6,95899981;-20,16793633
-6,95799981;-20,16793633
-6,95699981;-19,04527283
-6,95599981;-17,92568779
-6,95499981;-17,92568779
-6,95399981;-16,80610085
-6,95299981;-16,80610085
-6,95199981;-15,68343925
-6,95099981;-14,56385231
-6,94999981;-14,56385231
-6,94899981;-13,44426537
-6,94799981;-12,32467842
-6,94699981;-11,20201683
-6,94599981;-11,20201683
-6,94499981;-8,96284389
-6,94399981;-7,84018135
-6,94299981;-7,84018135
-6,94199981;-6,72059488
-6,94099981;-5,60100842
-6,93999981;-4,48142195
-6,93899981;-3,35875964
-6,93799981;-2,23917317
-6,93699981;-1,11958659
-6,93599981;0,00000000
-6,93499981;1,11958659
-6,93399981;2,23917317
-6,93299981;3,35875964
-6,93199981;4,48142195
-6,93099981;5,60100842
-6,92999981;6,72059488
-6,92899981;7,84018135
-6,92799981;8,96284389
-6,92699981;10,08243084
-6,92599981;11,20201683
-6,92499981;12,32467842
-6,92399981;13,44426537
-6,92299981;14,56385231
-6,92199981;15,68343925
-6,92099981;16,80610085
-6,91999981;17,92568779
-6,91899981;19,04527283
-6,91799981;20,16793633
-6,91699981;21,28752327
-6,91599981;21,28752327
-6,91499981;22,40711021
-6,91399981;23,52669716
-6,91299981;23,52669716
-6,91199981;24,64935684
-6,91099981;25,76894569
-6,90999981;25,76894569
-6,90899981;26,88853073
-6,90799981;28,01119423
-6,90699981;28,01119423
-6,90599981;29,13078117
-6,90499981;29,13078117
-6,90399981;29,13078117
-6,90299981;30,25036621
-6,90199981;30,25036621
-6,90099981;30,25036621
-6,89999981;30,25036621
-6,89899981;30,25036621
-6,89799981;31,36995316
-6,89699981;31,36995316
-6,89599981;31,36995316
-6,89499981;31,36995316
-6,89399981;31,36995316
-6,89299981;31,36995316
-6,89199981;30,25036621
-6,89099981;31,36995316
-6,88999981;30,25036621
-6,88899981;30,25036621
-6,88799981;30,25036621
-6,88699981;30,25036621
-6,88599981;30,25036621
-6,88499981;29,13078117
-6,88399981;29,13078117
-6,88299981;28,01119423
-6,88199981;28,01119423
-6,88099981;28,01119423
-6,87999981;28,01119423
-6,87899981;26,88853073
-6,87799981;26,88853073
-6,87699981;25,76894569
-6,87599981;24,64935684
-6,87499981;24,64935684
-6,87399981;23,52669716
-6,87299981;23,52669716
-6,87199981;22,40711021
-6,87099981;21,28752327
-6,86999981;20,16793633
-6,86899981;20,16793633
-6,86799981;19,04527283
-6,86699981;19,04527283
-6,86599981;17,92568779
-6,86499981;16,80610085
-6,86399981;15,68343925
-6,86299982;14,56385231
-6,86199982;13,44426537
-6,86099982;12,32467842
-6,85999982;12,32467842
-6,85899982;11,20201683
-6,85799982;10,08243084
-6,85699982;8,96284389
-6,85599982;7,84018135
-6,85499982;6,72059488
-6,85399982;5,60100842
-6,85299982;4,48142195
-6,85199982;3,35875964
-6,85099982;2,23917317
-6,84999982;1,11958659
-6,84899982;0,00000000
-6,84799982;-1,11958659
-6,84699982;-2,23917317
-6,84599982;-3,35875964
-6,84499982;-5,60100842
-6,84399982;-6,72059488
-6,84299982;-6,72059488
-6,84199982;-7,84018135
-6,84099982;-10,08243084
-6,83999982;-11,20201683
-6,83899982;-12,32467842
-6,83799982;-13,44426537
-6,83699982;-14,56385231
-6,83599982;-15,68343925
-6,83499982;-16,80610085
-6,83399982;-17,92568779
-6,83299982;-19,04527283
-6,83199982;-19,04527283
-6,83099982;-20,16793633
-6,82999982;-21,28752327
-6,82899982;-22,40711021
-6,82799982;-23,52669716
-6,82699982;-24,64935684
-6,82599982;-24,64935684
-6,82499982;-25,76894569
-6,82399982;-25,76894569
-6,82299982;-26,88853073
-6,82199982;-26,88853073
-6,82099982;-28,01119423
-6,81999982;-28,01119423
-6,81899982;-28,01119423
-6,81799982;-29,13078117
-6,81699982;-29,13078117
-6,81599982;-29,13078117
-6,81499982;-29,13078117
-6,81399982;-29,13078117
-6,81299982;-29,13078117
-6,81199982;-29,13078117
-6,81099982;-30,25036621
-6,80999982;-30,25036621
-6,80899982;-29,13078117
-6,80799982;-29,13078117
-6,80699982;-29,13078117
-6,80599982;-29,13078117
-6,80499982;-29,13078117
-6,80399982;-29,13078117
-6,80299982;-28,01119423
-6,80199982;-28,01119423
-6,80099982;-28,01119423
-6,79999982;-28,01119423
-6,79899982;-28,01119423
-6,79799982;-26,88853073
-6,79699982;-26,88853073
-6,79599982;-25,76894569
-6,79499982;-25,76894569
-6,79399982;-25,76894569
-6,79299982;-24,64935684
-6,79199982;-24,64935684
-6,79099982;-24,64935684
-6,78999982;-24,64935684
-6,78899982;-24,64935684
-6,78799982;-24,64935684
-6,78699982;-23,52669716
-6,78599982;-23,52669716
-6,78499982;-23,52669716
-6,78399982;-22,40711021
-6,78299982;-22,40711021
-6,78199982;-21,28752327
-6,78099982;-20,16793633
-6,77999982;-20,16793633
-6,77899982;-19,04527283
-6,77799982;-17,92568779
-6,77699982;-17,92568779
-6,77599982;-16,80610085
-6,77499982;-15,68343925
-6,77399982;-15,68343925
-6,77299982;-14,56385231
-6,77199982;-13,44426537
-6,77099982;-13,44426537
-6,76999982;-12,32467842
-6,76899982;-12,32467842
-6,76799982;-10,08243084
-6,76699982;-8,96284389
-6,76599982;-7,84018135
-6,76499982;-7,84018135
-6,76399982;-6,72059488
-6,76299982;-5,60100842
-6,76199982;-4,48142195
-6,76099982;-3,35875964
-6,75999982;-2,23917317
-6,75899982;-1,11958659
-6,75799982;0,00000000
-6,75699982;1,11958659
-6,75599982;2,23917317
-6,75499982;3,35875964
-6,75399982;4,48142195
-6,75299982;6,72059488
-6,75199982;7,84018135
-6,75099982;8,96284389
-6,74999982;8,96284389
-6,74899982;10,08243084
-6,74799982;11,20201683
-6,74699982;13,44426537
-6,74599982;14,56385231
-6,74499982;14,56385231
-6,74399982;15,68343925
-6,74299982;16,80610085
-6,74199982;19,04527283
-6,74099982;19,04527283
-6,73999982;20,16793633
-6,73899982;21,28752327
-6,73799982;21,28752327
-6,73699982;22,40711021
-6,73599982;23,52669716
-6,73499982;24,64935684
-6,73399982;24,64935684
-6,73299982;25,76894569
-6,73199982;26,88853073
-6,73099982;26,88853073
-6,72999982;28,01119423
-6,72899982;28,01119423
-6,72799982;29,13078117
-6,72699982;29,13078117
-6,72599982;29,13078117
-6,72499982;30,25036621
-6,72399982;30,25036621
-6,72299982;30,25036621
-6,72199982;30,25036621
-6,72099982;31,36995316
-6,71999982;31,36995316
-6,71899982;31,36995316
-6,71799982;31,36995316
-6,71699982;31,36995316
-6,71599982;31,36995316
-6,71499982;31,36995316
-6,71399982;31,36995316
-6,71299982;30,25036621
-6,71199982;30,25036621
-6,71099982;30,25036621
-6,70999982;30,25036621
-6,70899982;30,25036621
-6,70799982;30,25036621
-6,70699982;29,13078117
-6,70599982;29,13078117
-6,70499982;29,13078117
-6,70399982;28,01119423
-6,70299982;28,01119423
-6,70199982;28,01119423
-6,70099982;26,88853073
-6,69999982;25,76894569
-6,69899982;25,76894569
-6,69799982;25,76894569
-6,69699982;24,64935684
-6,69599982;23,52669716
-6,69499982;23,52669716
-6,69399982;22,40711021
-6,69299982;21,28752327
-6,69199982;20,16793633
-6,69099982;20,16793633
-6,68999982;19,04527283
-6,68899982;19,04527283
-6,68799982;17,92568779
-6,68699982;16,80610085
-6,68599982;15,68343925
-6,68499982;14,56385231
-6,68399982;13,44426537
-6,68299982;12,32467842
-6,68199982;11,20201683
-6,68099982;11,20201683
-6,67999982;10,08243084
-6,67899982;8,96284389
-6,67799982;7,84018135
-6,67699982;6,72059488
-6,67599982;5,60100842
-6,67499982;4,48142195
-6,67399982;3,35875964
-6,67299982;2,23917317
-6,67199982;1,11958659
-6,67099982;0,00000000
-6,66999982;-1,11958659
-6,66899982;-3,35875964
-6,66799982;-3,35875964
-6,66699982;-4,48142195
-6,66599982;-6,72059488
-6,66499982;-7,84018135
-6,66399982;-8,96284389
-6,66299982;-10,08243084
-6,66199982;-11,20201683
-6,66099982;-12,32467842
-6,65999982;-13,44426537
-6,65899982;-14,56385231
-6,65799982;-15,68343925
-6,65699982;-16,80610085
-6,65599982;-17,92568779
-6,65499982;-19,04527283
-6,65399982;-20,16793633
-6,65299982;-21,28752327
-6,65199982;-22,40711021
-6,65099982;-22,40711021
-6,64999982;-23,52669716
-6,64899982;-24,64935684
-6,64799982;-25,76894569
-6,64699982;-25,76894569
-6,64599982;-25,76894569
-6,64499982;-26,88853073
-6,64399982;-26,88853073
-6,64299982;-28,01119423
-6,64199982;-28,01119423
-6,64099982;-29,13078117
-6,63999982;-29,13078117
-6,63899982;-29,13078117
-6,63799982;-29,13078117
-6,63699982;-29,13078117
-6,63599982;-29,13078117
-6,63499982;-29,13078117
-6,63399982;-29,13078117
-6,63299982;-29,13078117
-6,63199982;-29,13078117
-6,63099982;-29,13078117
-6,62999982;-29,13078117
-6,62899982;-29,13078117
-6,62799982;-29,13078117
-6,62699982;-29,13078117
-6,62599982;-29,13078117
-6,62499982;-28,01119423
-6,62399982;-28,01119423
-6,62299982;-28,01119423
-6,62199982;-28,01119423
-6,62099982;-28,01119423
-6,61999982;-26,88853073
-6,61899982;-26,88853073
-6,61799982;-25,76894569
-6,61699982;-25,76894569
-6,61599982;-25,76894569
-6,61499982;-25,76894569
-6,61399982;-24,64935684
-6,61299982;-24,64935684
-6,61199982;-24,64935684
-6,61099982;-24,64935684
-6,60999982;-23,52669716
-6,60899982;-23,52669716
-6,60799982;-23,52669716
-6,60699982;-23,52669716
-6,60599982;-22,40711021
-6,60499982;-22,40711021
-6,60399982;-21,28752327
-6,60299982;-20,16793633
-6,60199982;-19,04527283
-6,60099982;-19,04527283
-6,59999982;-17,92568779
-6,59899982;-17,92568779
-6,59799982;-16,80610085
-6,59699982;-15,68343925
-6,59599982;-15,68343925
-6,59499982;-14,56385231
-6,59399982;-14,56385231
-6,59299982;-13,44426537
-6,59199982;-12,32467842
-6,59099982;-11,20201683
-6,58999982;-10,08243084
-6,58899982;-8,96284389
-6,58799982;-8,96284389
-6,58699982;-6,72059488
-6,58599982;-6,72059488
-6,58499982;-5,60100842
-6,58399982;-4,48142195
-6,58299982;-3,35875964
-6,58199982;-2,23917317
-6,58099982;0,00000000
-6,57999982;0,00000000
-6,57899982;1,11958659
-6,57799982;3,35875964
-6,57699982;4,48142195
-6,57599982;5,60100842
-6,57499982;5,60100842
-6,57399982;6,72059488
-6,57299982;7,84018135
-6,57199982;10,08243084
-6,57099982;10,08243084
-6,56999982;11,20201683
-6,56899982;13,44426537
-6,56799982;14,56385231
-6,56699982;14,56385231
-6,56599982;15,68343925
-6,56499982;16,80610085
-6,56399982;19,04527283
-6,56299982;20,16793633
-6,56199982;20,16793633
-6,56099982;20,16793633
-6,55999982;22,40711021
-6,55899982;23,52669716
-6,55799982;24,64935684
-6,55699982;24,64935684
-6,55599982;25,76894569
-6,55499982;25,76894569
-6,55399982;26,88853073
-6,55299982;26,88853073
-6,55199982;26,88853073
-6,55099982;28,01119423
-6,54999982;29,13078117
-6,54899982;29,13078117
-6,54799982;29,13078117
-6,54699982;30,25036621
-6,54599982;30,25036621
-6,54499982;31,36995316
-6,54399982;31,36995316
-6,54299982;31,36995316
-6,54199982;31,36995316
-6,54099982;31,36995316
-6,53999982;31,36995316
-6,53899982;30,25036621
-6,53799982;31,36995316
-6,53699982;31,36995316
-6,53599982;31,36995316
-6,53499982;30,25036621
-6,53399982;30,25036621
-6,53299982;30,25036621
-6,53199982;30,25036621
-6,53099982;30,25036621
-6,52999982;29,13078117
-6,52899982;29,13078117
-6,52799982;29,13078117
-6,52699982;29,13078117
-6,52599982;28,01119423
-6,52499982;28,01119423
-6,52399982;26,88853073
-6,52299982;26,88853073
-6,52199982;25,76894569
-6,52099982;25,76894569
-6,51999982;24,64935684
-6,51899982;23,52669716
-6,51799982;23,52669716
-6,51699982;23,52669716
-6,51599982;22,40711021
-6,51499982;21,28752327
-6,51399982;20,16793633
-6,51299982;19,04527283
-6,51199982;19,04527283
-6,51099982;17,92568779
-6,50999982;17,92568779
-6,50899983;16,80610085
-6,50799983;15,68343925
-6,50699983;14,56385231
-6,50599983;13,44426537
-6,50499983;12,32467842
-6,50399983;11,20201683
-6,50299983;10,08243084
-6,50199983;10,08243084
-6,50099983;8,96284389
-6,49999983;6,72059488
-6,49899983;5,60100842
-6,49799983;5,60100842
-6,49699983;4,48142195
-6,49599983;2,23917317
-6,49499983;1,11958659
-6,49399983;0,00000000
-6,49299983;-1,11958659
-6,49199983;-1,11958659
-6,49099983;-3,35875964
-6,48999983;-4,48142195
-6,48899983;-5,60100842
-6,48799983;-6,72059488
-6,48699983;-7,84018135
-6,48599983;-8,96284389
-6,48499983;-10,08243084
-6,48399983;-11,20201683
-6,48299983;-12,32467842
-6,48199983;-13,44426537
-6,48099983;-13,44426537
-6,47999983;-15,68343925
-6,47899983;-16,80610085
-6,47799983;-17,92568779
-6,47699983;-19,04527283
-6,47599983;-20,16793633
-6,47499983;-21,28752327
-6,47399983;-22,40711021
-6,47299983;-22,40711021
-6,47199983;-23,52669716
-6,47099983;-24,64935684
-6,46999983;-24,64935684
-6,46899983;-25,76894569
-6,46799983;-26,88853073
-6,46699983;-26,88853073
-6,46599983;-28,01119423
-6,46499983;-28,01119423
-6,46399983;-28,01119423
-6,46299983;-29,13078117
-6,46199983;-29,13078117
-6,46099983;-29,13078117
-6,45999983;-29,13078117
-6,45899983;-29,13078117
-6,45799983;-29,13078117
-6,45699983;-30,25036621
-6,45599983;-30,25036621
-6,45499983;-30,25036621
-6,45399983;-30,25036621
-6,45299983;-29,13078117
-6,45199983;-29,13078117
-6,45099983;-29,13078117
-6,44999983;-29,13078117
-6,44899983;-29,13078117
-6,44799983;-28,01119423
-6,44699983;-28,01119423
-6,44599983;-28,01119423
-6,44499983;-28,01119423
-6,44399983;-28,01119423
-6,44299983;-26,88853073
-6,44199983;-26,88853073
-6,44099983;-25,76894569
-6,43999983;-26,88853073
-6,43899983;-25,76894569
-6,43799983;-25,76894569
-6,43699983;-25,76894569
-6,43599983;-25,76894569
-6,43499983;-24,64935684
-6,43399983;-24,64935684
-6,43299983;-24,64935684
-6,43199983;-24,64935684
-6,43099983;-23,52669716
-6,42999983;-23,52669716
-6,42899983;-23,52669716
-6,42799983;-22,40711021
-6,42699983;-22,40711021
-6,42599983;-21,28752327
-6,42499983;-20,16793633
-6,42399983;-19,04527283
-6,42299983;-19,04527283
-6,42199983;-17,92568779
-6,42099983;-17,92568779
-6,41999983;-16,80610085
-6,41899983;-15,68343925
-6,41799983;-15,68343925
-6,41699983;-14,56385231
-6,41599983;-14,56385231
-6,41499983;-13,44426537
-6,41399983;-12,32467842
-6,41299983;-11,20201683
-6,41199983;-10,08243084
-6,41099983;-8,96284389
-6,40999983;-7,84018135
-6,40899983;-6,72059488
-6,40799983;-5,60100842
-6,40699983;-4,48142195
-6,40599983;-3,35875964
-6,40499983;-2,23917317
-6,40399983;-2,23917317
-6,40299983;-1,11958659
-6,40199983;1,11958659
-6,40099983;2,23917317
-6,39999983;3,35875964
-6,39899983;4,48142195
-6,39799983;5,60100842
-6,39699983;6,72059488
-6,39599983;7,84018135
-6,39499983;8,96284389
-6,39399983;8,96284389
-6,39299983;11,20201683
-6,39199983;12,32467842
-6,39099983;13,44426537
-6,38999983;14,56385231
-6,38899983;15,68343925
-6,38799983;15,68343925
-6,38699983;16,80610085
-6,38599983;19,04527283
-6,38499983;19,04527283
-6,38399983;20,16793633
-6,38299983;21,28752327
-6,38199983;22,40711021
-6,38099983;22,40711021
-6,37999983;23,52669716
-6,37899983;24,64935684
-6,37799983;25,76894569
-6,37699983;25,76894569
-6,37599983;26,88853073
-6,37499983;26,88853073
-6,37399983;28,01119423
-6,37299983;28,01119423
-6,37199983;28,01119423
-6,37099983;29,13078117
-6,36999983;30,25036621
-6,36899983;30,25036621
-6,36799983;30,25036621
-6,36699983;30,25036621
-6,36599983;30,25036621
-6,36499983;31,36995316
-6,36399983;31,36995316
-6,36299983;30,25036621
-6,36199983;30,25036621
-6,36099983;31,36995316
-6,35999983;31,36995316
-6,35899983;31,36995316
-6,35799983;30,25036621
-6,35699983;30,25036621
-6,35599983;30,25036621
-6,35499983;30,25036621
-6,35399983;30,25036621
-6,35299983;30,25036621
-6,35199983;29,13078117
-6,35099983;29,13078117
-6,34999983;29,13078117
-6,34899983;28,01119423
-6,34799983;28,01119423
-6,34699983;28,01119423
-6,34599983;26,88853073
-6,34499983;26,88853073
-6,34399983;25,76894569
-6,34299983;25,76894569
-6,34199983;24,64935684
-6,34099983;24,64935684
-6,33999983;23,52669716
-6,33899983;22,40711021
-6,33799983;22,40711021
-6,33699983;21,28752327
-6,33599983;20,16793633
-6,33499983;20,16793633
-6,33399983;19,04527283
-6,33299983;17,92568779
-6,33199983;17,92568779
-6,33099983;16,80610085
-6,32999983;15,68343925
-6,32899983;14,56385231
-6,32799983;13,44426537
-6,32699983;12,32467842
-6,32599983;12,32467842
-6,32499983;10,08243084
-6,32399983;8,96284389
-6,32299983;7,84018135
-6,32199983;7,84018135
-6,32099983;6,72059488
-6,31999983;5,60100842
-6,31899983;4,48142195
-6,31799983;3,35875964
-6,31699983;2,23917317
-6,31599983;0,00000000
-6,31499983;-1,11958659
-6,31399983;-2,23917317
-6,31299983;-2,23917317
-6,31199983;-4,48142195
-6,31099983;-5,60100842
-6,30999983;-6,72059488
-6,30899983;-7,84018135
-6,30799983;-8,96284389
-6,30699983;-10,08243084
-6,30599983;-11,20201683
-6,30499983;-12,32467842
-6,30399983;-13,44426537
-6,30299983;-14,56385231
-6,30199983;-15,68343925
-6,30099983;-16,80610085
-6,29999983;-17,92568779
-6,29899983;-19,04527283
-6,29799983;-20,16793633
-6,29699983;-21,28752327
-6,29599983;-21,28752327
-6,29499983;-22,40711021
-6,29399983;-23,52669716
-6,29299983;-24,64935684
-6,29199983;-25,76894569
-6,29099983;-25,76894569
-6,28999983;-26,88853073
-6,28899983;-26,88853073
-6,28799983;-26,88853073
-6,28699983;-28,01119423
-6,28599983;-28,01119423
-6,28499983;-28,01119423
-6,28399983;-29,13078117
-6,28299983;-29,13078117
-6,28199983;-29,13078117
-6,28099983;-29,13078117
-6,27999983;-29,13078117
-6,27899983;-29,13078117
-6,27799983;-30,25036621
-6,27699983;-29,13078117
-6,27599983;-29,13078117
-6,27499983;-29,13078117
-6,27399983;-29,13078117
-6,27299983;-29,13078117
-6,27199983;-29,13078117
-6,27099983;-29,13078117
-6,26999983;-29,13078117
-6,26899983;-28,01119423
-6,26799983;-28,01119423
-6,26699983;-28,01119423
-6,26599983;-26,88853073
-6,26499983;-26,88853073
-6,26399983;-26,88853073
-6,26299983;-25,76894569
-6,26199983;-25,76894569
-6,26099983;-25,76894569
-6,25999983;-25,76894569
-6,25899983;-25,76894569
-6,25799983;-25,76894569
-6,25699983;-24,64935684
-6,25599983;-24,64935684
-6,25499983;-24,64935684
-6,25399983;-23,52669716
-6,25299983;-23,52669716
-6,25199983;-23,52669716
-6,25099983;-23,52669716
-6,24999983;-22,40711021
-6,24899983;-21,28752327
-6,24799983;-20,16793633
-6,24699983;-20,16793633
-6,24599983;-19,04527283
-6,24499983;-19,04527283
-6,24399983;-17,92568779
-6,24299983;-17,92568779
-6,24199983;-16,80610085
-6,24099983;-15,68343925
-6,23999983;-14,56385231
-6,23899983;-14,56385231
-6,23799983;-13,44426537
-6,23699983;-13,44426537
-6,23599983;-12,32467842
-6,23499983;-11,20201683
-6,23399983;-10,08243084
-6,23299983;-8,96284389
-6,23199983;-7,84018135
-6,23099983;-6,72059488
-6,22999983;-5,60100842
-6,22899983;-5,60100842
-6,22799983;-3,35875964
-6,22699983;-2,23917317
-6,22599983;-1,11958659
-6,22499983;0,00000000
-6,22399983;1,11958659
-6,22299983;2,23917317
-6,22199983;3,35875964
-6,22099983;4,48142195
-6,21999983;5,60100842
-6,21899983;6,72059488
-6,21799983;7,84018135
-6,21699983;8,96284389
-6,21599983;10,08243084
-6,21499983;11,20201683
-6,21399983;12,32467842
-6,21299983;13,44426537
-6,21199983;14,56385231
-6,21099983;15,68343925
-6,20999983;16,80610085
-6,20899983;17,92568779
-6,20799983;17,92568779
-6,20699983;19,04527283
-6,20599983;21,28752327
-6,20499983;21,28752327
-6,20399983;22,40711021
-6,20299983;23,52669716
-6,20199983;23,52669716
-6,20099983;24,64935684
-6,19999983;25,76894569
-6,19899983;25,76894569
-6,19799983;26,88853073
-6,19699983;28,01119423
-6,19599983;28,01119423
-6,19499983;28,01119423
-6,19399983;29,13078117
-6,19299983;29,13078117
-6,19199983;30,25036621
-6,19099983;30,25036621
-6,18999983;30,25036621
-6,18899983;30,25036621
-6,18799983;30,25036621
-6,18699983;30,25036621
-6,18599983;31,36995316
-6,18499983;31,36995316
-6,18399983;30,25036621
-6,18299983;31,36995316
-6,18199983;31,36995316
-6,18099983;31,36995316
-6,17999983;31,36995316
-6,17899983;30,25036621
-6,17799983;30,25036621
-6,17699983;30,25036621
-6,17599983;30,25036621
-6,17499983;30,25036621
-6,17399983;29,13078117
-6,17299983;29,13078117
-6,17199983;29,13078117
-6,17099983;28,01119423
-6,16999983;28,01119423
-6,16899983;28,01119423
-6,16799983;26,88853073
-6,16699983;26,88853073
-6,16599983;25,76894569
-6,16499983;24,64935684
-6,16399983;24,64935684
-6,16299983;24,64935684
-6,16199983;23,52669716
-6,16099983;22,40711021
-6,15999983;22,40711021
-6,15899983;21,28752327
-6,15799983;20,16793633
-6,15699983;20,16793633
-6,15599984;19,04527283
-6,15499984;17,92568779
-6,15399984;16,80610085
-6,15299984;15,68343925
-6,15199984;15,68343925
-6,15099984;14,56385231
-6,14999984;13,44426537
-6,14899984;12,32467842
-6,14799984;11,20201683
-6,14699984;10,08243084
-6,14599984;8,96284389
-6,14499984;7,84018135
-6,14399984;6,72059488
-6,14299984;6,72059488
-6,14199984;4,48142195
-6,14099984;3,35875964
-6,13999984;2,23917317
-6,13899984;1,11958659
-6,13799984;0,00000000
-6,13699984;-1,11958659
-6,13599984;-2,23917317
-6,13499984;-3,35875964
-6,13399984;-4,48142195
-6,13299984;-5,60100842
-6,13199984;-6,72059488
-6,13099984;-7,84018135
-6,12999984;-8,96284389
-6,12899984;-10,08243084
-6,12799984;-11,20201683
-6,12699984;-12,32467842
-6,12599984;-13,44426537
-6,12499984;-14,56385231
-6,12399984;-15,68343925
-6,12299984;-16,80610085
-6,12199984;-17,92568779
-6,12099984;-19,04527283
-6,11999984;-20,16793633
-6,11899984;-21,28752327
-6,11799984;-22,40711021
-6,11699984;-23,52669716
-6,11599984;-24,64935684
-6,11499984;-24,64935684
-6,11399984;-25,76894569
-6,11299984;-25,76894569
-6,11199984;-26,88853073
-6,11099984;-26,88853073
-6,10999984;-28,01119423
-6,10899984;-28,01119423
-6,10799984;-28,01119423
-6,10699984;-28,01119423
-6,10599984;-28,01119423
-6,10499984;-29,13078117
-6,10399984;-29,13078117
-6,10299984;-29,13078117
-6,10199984;-29,13078117
-6,10099984;-29,13078117
-6,09999984;-29,13078117
-6,09899984;-29,13078117
-6,09799984;-29,13078117
-6,09699984;-29,13078117
-6,09599984;-29,13078117
-6,09499984;-29,13078117
-6,09399984;-29,13078117
-6,09299984;-29,13078117
-6,09199984;-28,01119423
-6,09099984;-28,01119423
-6,08999984;-28,01119423
-6,08899984;-28,01119423
-6,08799984;-28,01119423
-6,08699984;-26,88853073
-6,08599984;-26,88853073
-6,08499984;-26,88853073
-6,08399984;-25,76894569
-6,08299984;-25,76894569
-6,08199984;-25,76894569
-6,08099984;-24,64935684
-6,07999984;-25,76894569
-6,07899984;-24,64935684
-6,07799984;-24,64935684
-6,07699984;-23,52669716
-6,07599984;-24,64935684
-6,07499984;-23,52669716
-6,07399984;-23,52669716
-6,07299984;-22,40711021
-6,07199984;-22,40711021
-6,07099984;-21,28752327
-6,06999984;-21,28752327
-6,06899984;-20,16793633
-6,06799984;-20,16793633
-6,06699984;-19,04527283
-6,06599984;-17,92568779
-6,06499984;-17,92568779
-6,06399984;-16,80610085
-6,06299984;-15,68343925
-6,06199984;-14,56385231
-6,06099984;-14,56385231
-6,05999984;-13,44426537
-6,05899984;-13,44426537
-6,05799984;-12,32467842
-6,05699984;-10,08243084
-6,05599984;-10,08243084
-6,05499984;-8,96284389
-6,05399984;-7,84018135
-6,05299984;-6,72059488
-6,05199984;-5,60100842
-6,05099984;-4,48142195
-6,04999984;-3,35875964
-6,04899984;-2,23917317
-6,04799984;-1,11958659
-6,04699984;-1,11958659
-6,04599984;1,11958659
-6,04499984;2,23917317
-6,04399984;3,35875964
-6,04299984;4,48142195
-6,04199984;5,60100842
-6,04099984;6,72059488
-6,03999984;7,84018135
-6,03899984;8,96284389
-6,03799984;10,08243084
-6,03699984;11,20201683
-6,03599984;12,32467842
-6,03499984;13,44426537
-6,03399984;14,56385231
-6,03299984;15,68343925
-6,03199984;16,80610085
-6,03099984;17,92568779
-6,02999984;19,04527283
-6,02899984;19,04527283
-6,02799984;20,16793633
-6,02699984;21,28752327
-6,02599984;22,40711021
-6,02499984;23,52669716
-6,02399984;24,64935684
-6,02299984;24,64935684
-6,02199984;24,64935684
-6,02099984;25,76894569
-6,01999984;26,88853073
-6,01899984;28,01119423
-6,01799984;28,01119423
-6,01699984;29,13078117
-6,01599984;29,13078117
-6,01499984;29,13078117
-6,01399984;30,25036621
-6,01299984;30,25036621
-6,01199984;30,25036621
-6,01099984;30,25036621
-6,00999984;30,25036621
-6,00899984;30,25036621
-6,00799984;31,36995316
-6,00699984;31,36995316
-6,00599984;31,36995316
-6,00499984;31,36995316
-6,00399984;31,36995316
-6,00299984;31,36995316
-6,00199984;31,36995316
-6,00099984;31,36995316
-5,99999984;30,25036621
-5,99899984;30,25036621
-5,99799984;30,25036621
-5,99699984;30,25036621
-5,99599984;29,13078117
-5,99499984;29,13078117
-5,99399984;29,13078117
-5,99299984;28,01119423
-5,99199984;28,01119423
-5,99099984;28,01119423
-5,98999984;28,01119423
-5,98899984;26,88853073
-5,98799984;25,76894569
-5,98699984;24,64935684
-5,98599984;24,64935684
-5,98499984;23,52669716
-5,98399984;23,52669716
-5,98299984;22,40711021
-5,98199984;22,40711021
-5,98099984;21,28752327
-5,97999984;20,16793633
-5,97899984;19,04527283
-5,97799984;19,04527283
-5,97699984;17,92568779
-5,97599984;16,80610085
-5,97499984;15,68343925
-5,97399984;14,56385231
-5,97299984;14,56385231
-5,97199984;12,32467842
-5,97099984;11,20201683
-5,96999984;11,20201683
-5,96899984;10,08243084
-5,96799984;8,96284389
-5,96699984;7,84018135
-5,96599984;6,72059488
-5,96499984;5,60100842
-5,96399984;4,48142195
-5,96299984;3,35875964
-5,96199984;2,23917317
-5,96099984;1,11958659
-5,95999984;0,00000000
-5,95899984;-1,11958659
-5,95799984;-2,23917317
-5,95699984;-3,35875964
-5,95599984;-4,48142195
-5,95499984;-5,60100842
-5,95399984;-6,72059488
-5,95299984;-7,84018135
-5,95199984;-8,96284389
-5,95099984;-11,20201683
-5,94999984;-11,20201683
-5,94899984;-12,32467842
-5,94799984;-14,56385231
-5,94699984;-15,68343925
-5,94599984;-16,80610085
-5,94499984;-16,80610085
-5,94399984;-17,92568779
-5,94299984;-19,04527283
-5,94199984;-20,16793633
-5,94099984;-21,28752327
-5,93999984;-22,40711021
-5,93899984;-23,52669716
-5,93799984;-23,52669716
-5,93699984;-24,64935684
-5,93599984;-25,76894569
-5,93499984;-25,76894569
-5,93399984;-26,88853073
-5,93299984;-26,88853073
-5,93199984;-28,01119423
-5,93099984;-28,01119423
-5,92999984;-28,01119423
-5,92899984;-28,01119423
-5,92799984;-29,13078117
-5,92699984;-29,13078117
-5,92599984;-29,13078117
-5,92499984;-29,13078117
-5,92399984;-30,25036621
-5,92299984;-29,13078117
-5,92199984;-29,13078117
-5,92099984;-29,13078117
-5,91999984;-30,25036621
-5,91899984;-30,25036621
-5,91799984;-29,13078117
-5,91699984;-29,13078117
-5,91599984;-29,13078117
-5,91499984;-28,01119423
-5,91399984;-28,01119423
-5,91299984;-28,01119423
-5,91199984;-28,01119423
-5,91099984;-28,01119423
-5,90999984;-26,88853073
-5,90899984;-26,88853073
-5,90799984;-26,88853073
-5,90699984;-26,88853073
-5,90599984;-25,76894569
-5,90499984;-25,76894569
-5,90399984;-25,76894569
-5,90299984;-25,76894569
-5,90199984;-24,64935684
-5,90099984;-24,64935684
-5,89999984;-24,64935684
-5,89899984;-24,64935684
-5,89799984;-23,52669716
-5,89699984;-23,52669716
-5,89599984;-23,52669716
-5,89499984;-22,40711021
-5,89399984;-22,40711021
-5,89299984;-21,28752327
-5,89199984;-20,16793633
-5,89099984;-20,16793633
-5,88999984;-19,04527283
-5,88899984;-19,04527283
-5,88799984;-17,92568779
-5,88699984;-17,92568779
-5,88599984;-16,80610085
-5,88499984;-15,68343925
-5,88399984;-14,56385231
-5,88299984;-14,56385231
-5,88199984;-13,44426537
-5,88099984;-12,32467842
-5,87999984;-11,20201683
-5,87899984;-10,08243084
-5,87799984;-10,08243084
-5,87699984;-8,96284389
-5,87599984;-7,84018135
-5,87499984;-6,72059488
-5,87399984;-5,60100842
-5,87299984;-4,48142195
-5,87199984;-3,35875964
-5,87099984;-2,23917317
-5,86999984;-1,11958659
-5,86899984;0,00000000
-5,86799984;1,11958659
-5,86699984;2,23917317
-5,86599984;3,35875964
-5,86499984;4,48142195
-5,86399984;5,60100842
-5,86299984;6,72059488
-5,86199984;7,84018135
-5,86099984;8,96284389
-5,85999984;10,08243084
-5,85899984;11,20201683
-5,85799984;12,32467842
-5,85699984;13,44426537
-5,85599984;14,56385231
-5,85499984;15,68343925
-5,85399984;16,80610085
-5,85299984;17,92568779
-5,85199984;19,04527283
-5,85099984;19,04527283
-5,84999984;21,28752327
-5,84899984;21,28752327
-5,84799984;22,40711021
-5,84699984;23,52669716
-5,84599984;23,52669716
-5,84499984;24,64935684
-5,84399984;25,76894569
-5,84299984;25,76894569
-5,84199984;26,88853073
-5,84099984;28,01119423
-5,83999984;28,01119423
-5,83899984;29,13078117
-5,83799984;29,13078117
-5,83699984;29,13078117
-5,83599984;30,25036621
-5,83499984;30,25036621
-5,83399984;30,25036621
-5,83299984;30,25036621
-5,83199984;30,25036621
-5,83099984;31,36995316
-5,82999984;31,36995316
-5,82899984;31,36995316
-5,82799984;31,36995316
-5,82699984;31,36995316
-5,82599984;30,25036621
-5,82499984;31,36995316
-5,82399984;31,36995316
-5,82299984;31,36995316
-5,82199984;30,25036621
-5,82099984;30,25036621
-5,81999984;30,25036621
-5,81899984;30,25036621
-5,81799984;29,13078117
-5,81699984;29,13078117
-5,81599984;29,13078117
-5,81499984;28,01119423
-5,81399984;28,01119423
-5,81299984;26,88853073
-5,81199984;26,88853073
-5,81099984;26,88853073
-5,80999984;25,76894569
-5,80899984;25,76894569
-5,80799984;24,64935684
-5,80699984;23,52669716
-5,80599984;23,52669716
-5,80499984;22,40711021
-5,80399984;21,28752327
-5,80299984;20,16793633
-5,80199985;20,16793633
-5,80099985;20,16793633
-5,79999985;19,04527283
-5,79899985;17,92568779
-5,79799985;16,80610085
-5,79699985;16,80610085
-5,79599985;14,56385231
-5,79499985;14,56385231
-5,79399985;13,44426537
-5,79299985;11,20201683
-5,79199985;10,08243084
-5,79099985;8,96284389
-5,78999985;8,96284389
-5,78899985;7,84018135
-5,78799985;6,72059488
-5,78699985;5,60100842
-5,78599985;4,48142195
-5,78499985;4,48142195
-5,78399985;2,23917317
-5,78299985;0,00000000
-5,78199985;0,00000000
-5,78099985;-1,11958659
-5,77999985;-2,23917317
-5,77899985;-3,35875964
-5,77799985;-4,48142195
-5,77699985;-5,60100842
-5,77599985;-6,72059488
-5,77499985;-7,84018135
-5,77399985;-10,08243084
-5,77299985;-11,20201683
-5,77199985;-11,20201683
-5,77099985;-12,32467842
-5,76999985;-14,56385231
-5,76899985;-15,68343925
-5,76799985;-15,68343925
-5,76699985;-16,80610085
-5,76599985;-19,04527283
-5,76499985;-19,04527283
-5,76399985;-21,28752327
-5,76299985;-22,40711021
-5,76199985;-22,40711021
-5,76099985;-23,52669716
-5,75999985;-24,64935684
-5,75899985;-24,64935684
-5,75799985;-25,76894569
-5,75699985;-26,88853073
-5,75599985;-26,88853073
-5,75499985;-26,88853073
-5,75399985;-28,01119423
-5,75299985;-28,01119423
-5,75199985;-28,01119423
-5,75099985;-28,01119423
-5,74999985;-29,13078117
-5,74899985;-29,13078117
-5,74799985;-29,13078117
-5,74699985;-29,13078117
-5,74599985;-30,25036621
-5,74499985;-29,13078117
-5,74399985;-29,13078117
-5,74299985;-29,13078117
-5,74199985;-29,13078117
-5,74099985;-29,13078117
-5,73999985;-29,13078117
-5,73899985;-29,13078117
-5,73799985;-29,13078117
-5,73699985;-29,13078117
-5,73599985;-29,13078117
-5,73499985;-28,01119423
-5,73399985;-28,01119423
-5,73299985;-28,01119423
-5,73199985;-26,88853073
-5,73099985;-26,88853073
-5,72999985;-26,88853073
-5,72899985;-26,88853073
-5,72799985;-25,76894569
-5,72699985;-25,76894569
-5,72599985;-25,76894569
-5,72499985;-25,76894569
-5,72399985;-24,64935684
-5,72299985;-24,64935684
-5,72199985;-24,64935684
-5,72099985;-23,52669716
-5,71999985;-23,52669716
-5,71899985;-23,52669716
-5,71799985;-23,52669716
-5,71699985;-22,40711021
-5,71599985;-22,40711021
-5,71499985;-21,28752327
-5,71399985;-20,16793633
-5,71299985;-20,16793633
-5,71199985;-19,04527283
-5,71099985;-17,92568779
-5,70999985;-17,92568779
-5,70899985;-17,92568779
-5,70799985;-16,80610085
-5,70699985;-15,68343925
-5,70599985;-14,56385231
-5,70499985;-14,56385231
-5,70399985;-13,44426537
-5,70299985;-12,32467842
-5,70199985;-12,32467842
-5,70099985;-10,08243084
-5,69999985;-10,08243084
-5,69899985;-8,96284389
-5,69799985;-7,84018135
-5,69699985;-6,72059488
-5,69599985;-5,60100842
-5,69499985;-4,48142195
-5,69399985;-3,35875964
-5,69299985;-2,23917317
-5,69199985;-1,11958659
-5,69099985;0,00000000
-5,68999985;1,11958659
-5,68899985;2,23917317
-5,68799985;3,35875964
-5,68699985;4,48142195
-5,68599985;5,60100842
-5,68499985;7,84018135
-5,68399985;7,84018135
-5,68299985;8,96284389
-5,68199985;10,08243084
-5,68099985;11,20201683
-5,67999985;12,32467842
-5,67899985;13,44426537
-5,67799985;14,56385231
-5,67699985;15,68343925
-5,67599985;16,80610085
-5,67499985;17,92568779
-5,67399985;19,04527283
-5,67299985;20,16793633
-5,67199985;21,28752327
-5,67099985;21,28752327
-5,66999985;22,40711021
-5,66899985;23,52669716
-5,66799985;24,64935684
-5,66699985;24,64935684
-5,66599985;25,76894569
-5,66499985;26,88853073
-5,66399985;26,88853073
-5,66299985;28,01119423
-5,66199985;28,01119423
-5,66099985;29,13078117
-5,65999985;29,13078117
-5,65899985;29,13078117
-5,65799985;30,25036621
-5,65699985;30,25036621
-5,65599985;30,25036621
-5,65499985;30,25036621
-5,65399985;30,25036621
-5,65299985;31,36995316
-5,65199985;31,36995316
-5,65099985;31,36995316
-5,64999985;31,36995316
-5,64899985;31,36995316
-5,64799985;31,36995316
-5,64699985;31,36995316
-5,64599985;31,36995316
-5,64499985;30,25036621
-5,64399985;30,25036621
-5,64299985;30,25036621
-5,64199985;30,25036621
-5,64099985;30,25036621
-5,63999985;29,13078117
-5,63899985;29,13078117
-5,63799985;29,13078117
-5,63699985;28,01119423
-5,63599985;28,01119423
-5,63499985;26,88853073
-5,63399985;26,88853073
-5,63299985;25,76894569
-5,63199985;25,76894569
-5,63099985;24,64935684
-5,62999985;24,64935684
-5,62899985;23,52669716
-5,62799985;23,52669716
-5,62699985;22,40711021
-5,62599985;21,28752327
-5,62499985;20,16793633
-5,62399985;20,16793633
-5,62299985;19,04527283
-5,62199985;19,04527283
-5,62099985;17,92568779
-5,61999985;16,80610085
-5,61899985;15,68343925
-5,61799985;14,56385231
-5,61699985;13,44426537
-5,61599985;12,32467842
-5,61499985;11,20201683
-5,61399985;11,20201683
-5,61299985;10,08243084
-5,61199985;8,96284389
-5,61099985;7,84018135
-5,60999985;6,72059488
-5,60899985;5,60100842
-5,60799985;4,48142195
-5,60699985;3,35875964
-5,60599985;2,23917317
-5,60499985;1,11958659
-5,60399985;0,00000000
-5,60299985;-1,11958659
-5,60199985;-2,23917317
-5,60099985;-3,35875964
-5,59999985;-5,60100842
-5,59899985;-6,72059488
-5,59799985;-6,72059488
-5,59699985;-8,96284389
-5,59599985;-10,08243084
-5,59499985;-11,20201683
-5,59399985;-12,32467842
-5,59299985;-13,44426537
-5,59199985;-14,56385231
-5,59099985;-15,68343925
-5,58999985;-16,80610085
-5,58899985;-17,92568779
-5,58799985;-19,04527283
-5,58699985;-19,04527283
-5,58599985;-20,16793633
-5,58499985;-21,28752327
-5,58399985;-22,40711021
-5,58299985;-23,52669716
-5,58199985;-24,64935684
-5,58099985;-24,64935684
-5,57999985;-25,76894569
-5,57899985;-25,76894569
-5,57799985;-26,88853073
-5,57699985;-26,88853073
-5,57599985;-28,01119423
-5,57499985;-28,01119423
-5,57399985;-28,01119423
-5,57299985;-28,01119423
-5,57199985;-29,13078117
-5,57099985;-29,13078117
-5,56999985;-29,13078117
-5,56899985;-29,13078117
-5,56799985;-29,13078117
-5,56699985;-30,25036621
-5,56599985;-29,13078117
-5,56499985;-29,13078117
-5,56399985;-29,13078117
-5,56299985;-29,13078117
-5,56199985;-29,13078117
-5,56099985;-29,13078117
-5,55999985;-29,13078117
-5,55899985;-29,13078117
-5,55799985;-29,13078117
-5,55699985;-28,01119423
-5,55599985;-28,01119423
-5,55499985;-28,01119423
-5,55399985;-28,01119423
-5,55299985;-26,88853073
-5,55199985;-26,88853073
-5,55099985;-26,88853073
-5,54999985;-25,76894569
-5,54899985;-25,76894569
-5,54799985;-25,76894569
-5,54699985;-24,64935684
-5,54599985;-24,64935684
-5,54499985;-24,64935684
-5,54399985;-24,64935684
-5,54299985;-23,52669716
-5,54199985;-23,52669716
-5,54099985;-23,52669716
-5,53999985;-23,52669716
-5,53899985;-22,40711021
-5,53799985;-22,40711021
-5,53699985;-21,28752327
-5,53599985;-20,16793633
-5,53499985;-19,04527283
-5,53399985;-19,04527283
-5,53299985;-19,04527283
-5,53199985;-17,92568779
-5,53099985;-16,80610085
-5,52999985;-15,68343925
-5,52899985;-15,68343925
-5,52799985;-14,56385231
-5,52699985;-14,56385231
-5,52599985;-13,44426537
-5,52499985;-12,32467842
-5,52399985;-11,20201683
-5,52299985;-10,08243084
-5,52199985;-8,96284389
-5,52099985;-7,84018135
-5,51999985;-7,84018135
-5,51899985;-6,72059488
-5,51799985;-5,60100842
-5,51699985;-4,48142195
-5,51599985;-3,35875964
-5,51499985;-2,23917317
-5,51399985;-1,11958659
-5,51299985;0,00000000
-5,51199985;1,11958659
-5,51099985;2,23917317
-5,50999985;3,35875964
-5,50899985;5,60100842
-5,50799985;5,60100842
-5,50699985;6,72059488
-5,50599985;7,84018135
-5,50499985;8,96284389
-5,50399985;10,08243084
-5,50299985;11,20201683
-5,50199985;12,32467842
-5,50099985;13,44426537
-5,49999985;14,56385231
-5,49899985;15,68343925
-5,49799985;16,80610085
-5,49699985;17,92568779
-5,49599985;19,04527283
-5,49499985;20,16793633
-5,49399985;21,28752327
-5,49299985;21,28752327
-5,49199985;22,40711021
-5,49099985;23,52669716
-5,48999985;24,64935684
-5,48899985;24,64935684
-5,48799985;25,76894569
-5,48699985;25,76894569
-5,48599985;26,88853073
-5,48499985;28,01119423
-5,48399985;28,01119423
-5,48299985;29,13078117
-5,48199985;29,13078117
-5,48099985;30,25036621
-5,47999985;30,25036621
-5,47899985;30,25036621
-5,47799985;31,36995316
-5,47699985;31,36995316
-5,47599985;31,36995316
-5,47499985;31,36995316
-5,47399985;31,36995316
-5,47299985;31,36995316
-5,47199985;31,36995316
-5,47099985;31,36995316
-5,46999985;31,36995316
-5,46899985;31,36995316
-5,46799985;30,25036621
-5,46699985;30,25036621
-5,46599985;30,25036621
-5,46499985;30,25036621
-5,46399985;30,25036621
-5,46299985;30,25036621
-5,46199985;29,13078117
-5,46099985;29,13078117
-5,45999985;29,13078117
-5,45899985;28,01119423
-5,45799985;28,01119423
-5,45699985;28,01119423
-5,45599985;26,88853073
-5,45499985;25,76894569
-5,45399985;24,64935684
-5,45299985;24,64935684
-5,45199985;24,64935684
-5,45099985;23,52669716
-5,44999985;23,52669716
-5,44899985;22,40711021
-5,44799986;21,28752327
-5,44699986;21,28752327
-5,44599986;20,16793633
-5,44499986;19,04527283
-5,44399986;17,92568779
-5,44299986;16,80610085
-5,44199986;16,80610085
-5,44099986;15,68343925
-5,43999986;14,56385231
-5,43899986;13,44426537
-5,43799986;13,44426537
-5,43699986;12,32467842
-5,43599986;10,08243084
-5,43499986;10,08243084
-5,43399986;8,96284389
-5,43299986;7,84018135
-5,43199986;6,72059488
-5,43099986;5,60100842
-5,42999986;4,48142195
-5,42899986;3,35875964
-5,42799986;2,23917317
-5,42699986;1,11958659
-5,42599986;0,00000000
-5,42499986;-1,11958659
-5,42399986;-2,23917317
-5,42299986;-4,48142195
-5,42199986;-5,60100842
-5,42099986;-6,72059488
-5,41999986;-7,84018135
-5,41899986;-8,96284389
-5,41799986;-10,08243084
-5,41699986;-11,20201683
-5,41599986;-12,32467842
-5,41499986;-13,44426537
-5,41399986;-14,56385231
-5,41299986;-15,68343925
-5,41199986;-16,80610085
-5,41099986;-17,92568779
-5,40999986;-19,04527283
-5,40899986;-20,16793633
-5,40799986;-21,28752327
-5,40699986;-21,28752327
-5,40599986;-22,40711021
-5,40499986;-23,52669716
-5,40399986;-24,64935684
-5,40299986;-24,64935684
-5,40199986;-25,76894569
-5,40099986;-26,88853073
-5,39999986;-26,88853073
-5,39899986;-26,88853073
-5,39799986;-28,01119423
-5,39699986;-28,01119423
-5,39599986;-28,01119423
-5,39499986;-28,01119423
-5,39399986;-29,13078117
-5,39299986;-29,13078117
-5,39199986;-29,13078117
-5,39099986;-29,13078117
-5,38999986;-30,25036621
-5,38899986;-30,25036621
-5,38799986;-30,25036621
-5,38699986;-29,13078117
-5,38599986;-29,13078117
-5,38499986;-29,13078117
-5,38399986;-29,13078117
-5,38299986;-29,13078117
-5,38199986;-29,13078117
-5,38099986;-28,01119423
-5,37999986;-29,13078117
-5,37899986;-28,01119423
-5,37799986;-28,01119423
-5,37699986;-28,01119423
-5,37599986;-26,88853073
-5,37499986;-26,88853073
-5,37399986;-26,88853073
-5,37299986;-26,88853073
-5,37199986;-25,76894569
-5,37099986;-25,76894569
-5,36999986;-25,76894569
-5,36899986;-24,64935684
-5,36799986;-24,64935684
-5,36699986;-24,64935684
-5,36599986;-24,64935684
-5,36499986;-23,52669716
-5,36399986;-23,52669716
-5,36299986;-23,52669716
-5,36199986;-23,52669716
-5,36099986;-22,40711021
-5,35999986;-21,28752327
-5,35899986;-21,28752327
-5,35799986;-20,16793633
-5,35699986;-20,16793633
-5,35599986;-19,04527283
-5,35499986;-17,92568779
-5,35399986;-17,92568779
-5,35299986;-16,80610085
-5,35199986;-16,80610085
-5,35099986;-15,68343925
-5,34999986;-14,56385231
-5,34899986;-13,44426537
-5,34799986;-13,44426537
-5,34699986;-12,32467842
-5,34599986;-11,20201683
-5,34499986;-10,08243084
-5,34399986;-8,96284389
-5,34299986;-8,96284389
-5,34199986;-6,72059488
-5,34099986;-6,72059488
-5,33999986;-5,60100842
-5,33899986;-4,48142195
-5,33799986;-3,35875964
-5,33699986;-2,23917317
-5,33599986;-1,11958659
-5,33499986;1,11958659
-5,33399986;2,23917317
-5,33299986;2,23917317
-5,33199986;3,35875964
-5,33099986;4,48142195
-5,32999986;6,72059488
-5,32899986;7,84018135
-5,32799986;8,96284389
-5,32699986;10,08243084
-5,32599986;11,20201683
-5,32499986;12,32467842
-5,32399986;12,32467842
-5,32299986;14,56385231
-5,32199986;14,56385231
-5,32099986;15,68343925
-5,31999986;16,80610085
-5,31899986;17,92568779
-5,31799986;19,04527283
-5,31699986;20,16793633
-5,31599986;21,28752327
-5,31499986;21,28752327
-5,31399986;22,40711021
-5,31299986;23,52669716
-5,31199986;24,64935684
-5,31099986;25,76894569
-5,30999986;25,76894569
-5,30899986;26,88853073
-5,30799986;26,88853073
-5,30699986;28,01119423
-5,30599986;28,01119423
-5,30499986;29,13078117
-5,30399986;29,13078117
-5,30299986;30,25036621
-5,30199986;30,25036621
-5,30099986;30,25036621
-5,29999986;30,25036621
-5,29899986;30,25036621
-5,29799986;30,25036621
-5,29699986;31,36995316
-5,29599986;31,36995316
-5,29499986;31,36995316
-5,29399986;31,36995316
-5,29299986;31,36995316
-5,29199986;31,36995316
-5,29099986;31,36995316
-5,28999986;31,36995316
-5,28899986;30,25036621
-5,28799986;30,25036621
-5,28699986;30,25036621
-5,28599986;29,13078117
-5,28499986;29,13078117
-5,28399986;29,13078117
-5,28299986;29,13078117
-5,28199986;29,13078117
-5,28099986;28,01119423
-5,27999986;28,01119423
-5,27899986;26,88853073
-5,27799986;26,88853073
-5,27699986;26,88853073
-5,27599986;25,76894569
-5,27499986;24,64935684
-5,27399986;23,52669716
-5,27299986;23,52669716
-5,27199986;22,40711021
-5,27099986;22,40711021
-5,26999986;21,28752327
-5,26899986;20,16793633
-5,26799986;19,04527283
-5,26699986;19,04527283
-5,26599986;17,92568779
-5,26499986;16,80610085
-5,26399986;16,80610085
-5,26299986;15,68343925
-5,26199986;14,56385231
-5,26099986;13,44426537
-5,25999986;12,32467842
-5,25899986;11,20201683
-5,25799986;10,08243084
-5,25699986;10,08243084
-5,25599986;8,96284389
-5,25499986;7,84018135
-5,25399986;6,72059488
-5,25299986;5,60100842
-5,25199986;4,48142195
-5,25099986;3,35875964
-5,24999986;1,11958659
-5,24899986;0,00000000
-5,24799986;0,00000000
-5,24699986;-1,11958659
-5,24599986;-3,35875964
-5,24499986;-4,48142195
-5,24399986;-5,60100842
-5,24299986;-6,72059488
-5,24199986;-7,84018135
-5,24099986;-8,96284389
-5,23999986;-10,08243084
-5,23899986;-11,20201683
-5,23799986;-12,32467842
-5,23699986;-13,44426537
-5,23599986;-14,56385231
-5,23499986;-15,68343925
-5,23399986;-16,80610085
-5,23299986;-17,92568779
-5,23199986;-19,04527283
-5,23099986;-20,16793633
-5,22999986;-21,28752327
-5,22899986;-21,28752327
-5,22799986;-23,52669716
-5,22699986;-23,52669716
-5,22599986;-24,64935684
-5,22499986;-24,64935684
-5,22399986;-25,76894569
-5,22299986;-26,88853073
-5,22199986;-26,88853073
-5,22099986;-26,88853073
-5,21999986;-28,01119423
-5,21899986;-28,01119423
-5,21799986;-28,01119423
-5,21699986;-29,13078117
-5,21599986;-29,13078117
-5,21499986;-29,13078117
-5,21399986;-29,13078117
-5,21299986;-29,13078117
-5,21199986;-30,25036621
-5,21099986;-30,25036621
-5,20999986;-29,13078117
-5,20899986;-29,13078117
-5,20799986;-29,13078117
-5,20699986;-29,13078117
-5,20599986;-29,13078117
-5,20499986;-29,13078117
-5,20399986;-29,13078117
-5,20299986;-28,01119423
-5,20199986;-28,01119423
-5,20099986;-28,01119423
-5,19999986;-28,01119423
-5,19899986;-28,01119423
-5,19799986;-26,88853073
-5,19699986;-26,88853073
-5,19599986;-26,88853073
-5,19499986;-25,76894569
-5,19399986;-25,76894569
-5,19299986;-25,76894569
-5,19199986;-25,76894569
-5,19099986;-24,64935684
-5,18999986;-24,64935684
-5,18899986;-24,64935684
-5,18799986;-24,64935684
-5,18699986;-24,64935684
-5,18599986;-24,64935684
-5,18499986;-23,52669716
-5,18399986;-22,40711021
-5,18299986;-22,40711021
-5,18199986;-21,28752327
-5,18099986;-21,28752327
-5,17999986;-20,16793633
-5,17899986;-19,04527283
-5,17799986;-19,04527283
-5,17699986;-17,92568779
-5,17599986;-17,92568779
-5,17499986;-16,80610085
-5,17399986;-16,80610085
-5,17299986;-15,68343925
-5,17199986;-14,56385231
-5,17099986;-13,44426537
-5,16999986;-13,44426537
-5,16899986;-12,32467842
-5,16799986;-11,20201683
-5,16699986;-10,08243084
-5,16599986;-8,96284389
-5,16499986;-7,84018135
-5,16399986;-6,72059488
-5,16299986;-6,72059488
-5,16199986;-5,60100842
-5,16099986;-4,48142195
-5,15999986;-3,35875964
-5,15899986;-1,11958659
-5,15799986;0,00000000
-5,15699986;0,00000000
-5,15599986;1,11958659
-5,15499986;3,35875964
-5,15399986;4,48142195
-5,15299986;5,60100842
-5,15199986;6,72059488
-5,15099986;7,84018135
-5,14999986;8,96284389
-5,14899986;8,96284389
-5,14799986;10,08243084
-5,14699986;12,32467842
-5,14599986;13,44426537
-5,14499986;13,44426537
-5,14399986;15,68343925
-5,14299986;16,80610085
-5,14199986;17,92568779
-5,14099986;17,92568779
-5,13999986;20,16793633
-5,13899986;20,16793633
-5,13799986;21,28752327
-5,13699986;22,40711021
-5,13599986;22,40711021
-5,13499986;23,52669716
-5,13399986;24,64935684
-5,13299986;24,64935684
-5,13199986;25,76894569
-5,13099986;26,88853073
-5,12999986;28,01119423
-5,12899986;28,01119423
-5,12799986;28,01119423
-5,12699986;29,13078117
-5,12599986;29,13078117
-5,12499986;29,13078117
-5,12399986;30,25036621
-5,12299986;30,25036621
-5,12199986;30,25036621
-5,12099986;31,36995316
-5,11999986;31,36995316
-5,11899986;31,36995316
-5,11799986;31,36995316
-5,11699986;31,36995316
-5,11599986;30,25036621
-5,11499986;31,36995316
-5,11399986;31,36995316
-5,11299986;30,25036621
-5,11199986;30,25036621
-5,11099986;30,25036621
-5,10999986;30,25036621
-5,10899986;30,25036621
-5,10799986;30,25036621
-5,10699986;29,13078117
-5,10599986;29,13078117
-5,10499986;29,13078117
-5,10399986;29,13078117
-5,10299986;28,01119423
-5,10199986;28,01119423
-5,10099986;26,88853073
-5,09999986;26,88853073
-5,09899986;25,76894569
-5,09799986;25,76894569
-5,09699986;24,64935684
-5,09599986;24,64935684
-5,09499987;23,52669716
-5,09399987;22,40711021
-5,09299987;22,40711021
-5,09199987;21,28752327
-5,09099987;20,16793633
-5,08999987;20,16793633
-5,08899987;19,04527283
-5,08799987;17,92568779
-5,08699987;16,80610085
-5,08599987;15,68343925
-5,08499987;15,68343925
-5,08399987;14,56385231
-5,08299987;13,44426537
-5,08199987;12,32467842
-5,08099987;11,20201683
-5,07999987;10,08243084
-5,07899987;8,96284389
-5,07799987;7,84018135
-5,07699987;6,72059488
-5,07599987;5,60100842
-5,07499987;5,60100842
-5,07399987;4,48142195
-5,07299987;3,35875964
-5,07199987;1,11958659
-5,07099987;0,00000000
-5,06999987;-1,11958659
-5,06899987;-2,23917317
-5,06799987;-3,35875964
-5,06699987;-4,48142195
-5,06599987;-5,60100842
-5,06499987;-6,72059488
-5,06399987;-7,84018135
-5,06299987;-8,96284389
-5,06199987;-10,08243084
-5,06099987;-11,20201683
-5,05999987;-12,32467842
-5,05899987;-13,44426537
-5,05799987;-14,56385231
-5,05699987;-15,68343925
-5,05599987;-16,80610085
-5,05499987;-17,92568779
-5,05399987;-19,04527283
-5,05299987;-20,16793633
-5,05199987;-21,28752327
-5,05099987;-22,40711021
-5,04999987;-22,40711021
-5,04899987;-23,52669716
-5,04799987;-24,64935684
-5,04699987;-24,64935684
-5,04599987;-25,76894569
-5,04499987;-26,88853073
-5,04399987;-26,88853073
-5,04299987;-28,01119423
-5,04199987;-28,01119423
-5,04099987;-28,01119423
-5,03999987;-28,01119423
-5,03899987;-29,13078117
-5,03799987;-29,13078117
-5,03699987;-29,13078117
-5,03599987;-29,13078117
-5,03499987;-29,13078117
-5,03399987;-30,25036621
-5,03299987;-30,25036621
-5,03199987;-30,25036621
-5,03099987;-29,13078117
-5,02999987;-29,13078117
-5,02899987;-29,13078117
-5,02799987;-29,13078117
-5,02699987;-29,13078117
-5,02599987;-28,01119423
-5,02499987;-29,13078117
-5,02399987;-28,01119423
-5,02299987;-28,01119423
-5,02199987;-26,88853073
-5,02099987;-26,88853073
-5,01999987;-28,01119423
-5,01899987;-28,01119423
-5,01799987;-26,88853073
-5,01699987;-25,76894569
-5,01599987;-25,76894569
-5,01499987;-25,76894569
-5,01399987;-25,76894569
-5,01299987;-24,64935684
-5,01199987;-23,52669716
-5,01099987;-23,52669716
-5,00999987;-24,64935684
-5,00899987;-24,64935684
-5,00799987;-24,64935684
-5,00699987;-23,52669716
-5,00599987;-22,40711021
-5,00499987;-22,40711021
-5,00399987;-21,28752327
-5,00299987;-20,16793633
-5,00199987;-20,16793633
-5,00099987;-19,04527283
-4,99999987;-19,04527283
-4,99899987;-17,92568779
-4,99799987;-17,92568779
-4,99699987;-16,80610085
-4,99599987;-15,68343925
-4,99499987;-15,68343925
-4,99399987;-14,56385231
-4,99299987;-13,44426537
-4,99199987;-13,44426537
-4,99099987;-12,32467842
-4,98999987;-11,20201683
-4,98899987;-10,08243084
-4,98799987;-8,96284389
-4,98699987;-7,84018135
-4,98599987;-6,72059488
-4,98499987;-5,60100842
-4,98399987;-5,60100842
-4,98299987;-3,35875964
-4,98199987;-2,23917317
-4,98099987;-1,11958659
-4,97999987;0,00000000
-4,97899987;1,11958659
-4,97799987;1,11958659
-4,97699987;3,35875964
-4,97599987;4,48142195
-4,97499987;5,60100842
-4,97399987;6,72059488
-4,97299987;7,84018135
-4,97199987;8,96284389
-4,97099987;10,08243084
-4,96999987;11,20201683
-4,96899987;12,32467842
-4,96799987;13,44426537
-4,96699987;14,56385231
-4,96599987;15,68343925
-4,96499987;16,80610085
-4,96399987;17,92568779
-4,96299987;17,92568779
-4,96199987;19,04527283
-4,96099987;20,16793633
-4,95999987;21,28752327
-4,95899987;22,40711021
-4,95799987;23,52669716
-4,95699987;23,52669716
-4,95599987;24,64935684
-4,95499987;25,76894569
-4,95399987;25,76894569
-4,95299987;26,88853073
-4,95199987;28,01119423
-4,95099987;28,01119423
-4,94999987;28,01119423
-4,94899987;29,13078117
-4,94799987;29,13078117
-4,94699987;30,25036621
-4,94599987;30,25036621
-4,94499987;30,25036621
-4,94399987;30,25036621
-4,94299987;30,25036621
-4,94199987;30,25036621
-4,94099987;30,25036621
-4,93999987;31,36995316
-4,93899987;31,36995316
-4,93799987;31,36995316
-4,93699987;30,25036621
-4,93599987;30,25036621
-4,93499987;30,25036621
-4,93399987;31,36995316
-4,93299987;30,25036621
-4,93199987;30,25036621
-4,93099987;30,25036621
-4,92999987;30,25036621
-4,92899987;30,25036621
-4,92799987;30,25036621
-4,92699987;29,13078117
-4,92599987;28,01119423
-4,92499987;28,01119423
-4,92399987;26,88853073
-4,92299987;26,88853073
-4,92199987;26,88853073
-4,92099987;25,76894569
-4,91999987;25,76894569
-4,91899987;24,64935684
-4,91799987;23,52669716
-4,91699987;23,52669716
-4,91599987;22,40711021
-4,91499987;22,40711021
-4,91399987;21,28752327
-4,91299987;20,16793633
-4,91199987;20,16793633
-4,91099987;19,04527283
-4,90999987;17,92568779
-4,90899987;16,80610085
-4,90799987;16,80610085
-4,90699987;15,68343925
-4,90599987;14,56385231
-4,90499987;13,44426537
-4,90399987;12,32467842
-4,90299987;11,20201683
-4,90199987;10,08243084
-4,90099987;8,96284389
-4,89999987;7,84018135
-4,89899987;6,72059488
-4,89799987;5,60100842
-4,89699987;4,48142195
-4,89599987;3,35875964
-4,89499987;2,23917317
-4,89399987;1,11958659
-4,89299987;0,00000000
-4,89199987;-1,11958659
-4,89099987;-2,23917317
-4,88999987;-3,35875964
-4,88899987;-4,48142195
-4,88799987;-5,60100842
-4,88699987;-6,72059488
-4,88599987;-7,84018135
-4,88499987;-8,96284389
-4,88399987;-10,08243084
-4,88299987;-12,32467842
-4,88199987;-12,32467842
-4,88099987;-13,44426537
-4,87999987;-14,56385231
-4,87899987;-15,68343925
-4,87799987;-16,80610085
-4,87699987;-17,92568779
-4,87599987;-19,04527283
-4,87499987;-20,16793633
-4,87399987;-21,28752327
-4,87299987;-22,40711021
-4,87199987;-22,40711021
-4,87099987;-23,52669716
-4,86999987;-24,64935684
-4,86899987;-25,76894569
-4,86799987;-26,88853073
-4,86699987;-26,88853073
-4,86599987;-26,88853073
-4,86499987;-26,88853073
-4,86399987;-28,01119423
-4,86299987;-28,01119423
-4,86199987;-28,01119423
-4,86099987;-29,13078117
-4,85999987;-29,13078117
-4,85899987;-29,13078117
-4,85799987;-29,13078117
-4,85699987;-30,25036621
-4,85599987;-30,25036621
-4,85499987;-30,25036621
-4,85399987;-29,13078117
-4,85299987;-30,25036621
-4,85199987;-29,13078117
-4,85099987;-29,13078117
-4,84999987;-29,13078117
-4,84899987;-29,13078117
-4,84799987;-28,01119423
-4,84699987;-28,01119423
-4,84599987;-28,01119423
-4,84499987;-28,01119423
-4,84399987;-28,01119423
-4,84299987;-26,88853073
-4,84199987;-28,01119423
-4,84099987;-26,88853073
-4,83999987;-26,88853073
-4,83899987;-25,76894569
-4,83799987;-25,76894569
-4,83699987;-25,76894569
-4,83599987;-25,76894569
-4,83499987;-24,64935684
-4,83399987;-24,64935684
-4,83299987;-24,64935684
-4,83199987;-24,64935684
-4,83099987;-24,64935684
-4,82999987;-23,52669716
-4,82899987;-23,52669716
-4,82799987;-23,52669716
-4,82699987;-22,40711021
-4,82599987;-21,28752327
-4,82499987;-20,16793633
-4,82399987;-20,16793633
-4,82299987;-19,04527283
-4,82199987;-19,04527283
-4,82099987;-17,92568779
-4,81999987;-17,92568779
-4,81899987;-16,80610085
-4,81799987;-15,68343925
-4,81699987;-14,56385231
-4,81599987;-14,56385231
-4,81499987;-13,44426537
-4,81399987;-12,32467842
-4,81299987;-11,20201683
-4,81199987;-11,20201683
-4,81099987;-10,08243084
-4,80999987;-8,96284389
-4,80899987;-7,84018135
-4,80799987;-6,72059488
-4,80699987;-5,60100842
-4,80599987;-4,48142195
-4,80499987;-3,35875964
-4,80399987;-2,23917317
-4,80299987;-1,11958659
-4,80199987;0,00000000
-4,80099987;1,11958659
-4,79999987;2,23917317
-4,79899987;3,35875964
-4,79799987;4,48142195
-4,79699987;5,60100842
-4,79599987;6,72059488
-4,79499987;7,84018135
-4,79399987;8,96284389
-4,79299987;10,08243084
-4,79199987;11,20201683
-4,79099987;12,32467842
-4,78999987;13,44426537
-4,78899987;14,56385231
-4,78799987;15,68343925
-4,78699987;16,80610085
-4,78599987;17,92568779
-4,78499987;19,04527283
-4,78399987;19,04527283
-4,78299987;20,16793633
-4,78199987;21,28752327
-4,78099987;22,40711021
-4,77999987;23,52669716
-4,77899987;23,52669716
-4,77799987;24,64935684
-4,77699987;25,76894569
-4,77599987;25,76894569
-4,77499987;26,88853073
-4,77399987;26,88853073
-4,77299987;28,01119423
-4,77199987;29,13078117
-4,77099987;29,13078117
-4,76999987;29,13078117
-4,76899987;30,25036621
-4,76799987;30,25036621
-4,76699987;30,25036621
-4,76599987;30,25036621
-4,76499987;30,25036621
-4,76399987;31,36995316
-4,76299987;30,25036621
-4,76199987;30,25036621
-4,76099987;31,36995316
-4,75999987;31,36995316
-4,75899987;31,36995316
-4,75799987;31,36995316
-4,75699987;30,25036621
-4,75599987;30,25036621
-4,75499987;30,25036621
-4,75399987;30,25036621
-4,75299987;30,25036621
-4,75199987;30,25036621
-4,75099987;29,13078117
-4,74999987;29,13078117
-4,74899987;29,13078117
-4,74799987;29,13078117
-4,74699987;28,01119423
-4,74599987;28,01119423
-4,74499987;26,88853073
-4,74399987;26,88853073
-4,74299987;25,76894569
-4,74199987;24,64935684
-4,74099988;24,64935684
-4,73999988;24,64935684
-4,73899988;23,52669716
-4,73799988;22,40711021
-4,73699988;22,40711021
-4,73599988;22,40711021
-4,73499988;20,16793633
-4,73399988;19,04527283
-4,73299988;19,04527283
-4,73199988;17,92568779
-4,73099988;16,80610085
-4,72999988;15,68343925
-4,72899988;14,56385231
-4,72799988;13,44426537
-4,72699988;13,44426537
-4,72599988;12,32467842
-4,72499988;11,20201683
-4,72399988;10,08243084
-4,72299988;8,96284389
-4,72199988;7,84018135
-4,72099988;6,72059488
-4,71999988;5,60100842
-4,71899988;4,48142195
-4,71799988;3,35875964
-4,71699988;2,23917317
-4,71599988;1,11958659
-4,71499988;0,00000000
-4,71399988;-1,11958659
-4,71299988;-2,23917317
-4,71199988;-3,35875964
-4,71099988;-4,48142195
-4,70999988;-5,60100842
-4,70899988;-6,72059488
-4,70799988;-7,84018135
-4,70699988;-8,96284389
-4,70599988;-11,20201683
-4,70499988;-11,20201683
-4,70399988;-12,32467842
-4,70299988;-13,44426537
-4,70199988;-14,56385231
-4,70099988;-15,68343925
-4,69999988;-17,92568779
-4,69899988;-17,92568779
-4,69799988;-19,04527283
-4,69699988;-20,16793633
-4,69599988;-21,28752327
-4,69499988;-22,40711021
-4,69399988;-22,40711021
-4,69299988;-23,52669716
-4,69199988;-24,64935684
-4,69099988;-25,76894569
-4,68999988;-26,88853073
-4,68899988;-26,88853073
-4,68799988;-26,88853073
-4,68699988;-28,01119423
-4,68599988;-28,01119423
-4,68499988;-28,01119423
-4,68399988;-28,01119423
-4,68299988;-29,13078117
-4,68199988;-29,13078117
-4,68099988;-29,13078117
-4,67999988;-29,13078117
-4,67899988;-29,13078117
-4,67799988;-29,13078117
-4,67699988;-30,25036621
-4,67599988;-30,25036621
-4,67499988;-30,25036621
-4,67399988;-29,13078117
-4,67299988;-29,13078117
-4,67199988;-29,13078117
-4,67099988;-29,13078117
-4,66999988;-28,01119423
-4,66899988;-28,01119423
-4,66799988;-28,01119423
-4,66699988;-28,01119423
-4,66599988;-28,01119423
-4,66499988;-26,88853073
-4,66399988;-26,88853073
-4,66299988;-26,88853073
-4,66199988;-25,76894569
-4,66099988;-25,76894569
-4,65999988;-25,76894569
-4,65899988;-25,76894569
-4,65799988;-24,64935684
-4,65699988;-24,64935684
-4,65599988;-24,64935684
-4,65499988;-24,64935684
-4,65399988;-24,64935684
-4,65299988;-23,52669716
-4,65199988;-23,52669716
-4,65099988;-23,52669716
-4,64999988;-22,40711021
-4,64899988;-22,40711021
-4,64799988;-21,28752327
-4,64699988;-20,16793633
-4,64599988;-20,16793633
-4,64499988;-20,16793633
-4,64399988;-19,04527283
-4,64299988;-17,92568779
-4,64199988;-16,80610085
-4,64099988;-16,80610085
-4,63999988;-15,68343925
-4,63899988;-14,56385231
-4,63799988;-14,56385231
-4,63699988;-13,44426537
-4,63599988;-12,32467842
-4,63499988;-11,20201683
-4,63399988;-11,20201683
-4,63299988;-8,96284389
-4,63199988;-7,84018135
-4,63099988;-7,84018135
-4,62999988;-6,72059488
-4,62899988;-5,60100842
-4,62799988;-4,48142195
-4,62699988;-3,35875964
-4,62599988;-2,23917317
-4,62499988;-1,11958659
-4,62399988;0,00000000
-4,62299988;1,11958659
-4,62199988;2,23917317
-4,62099988;3,35875964
-4,61999988;5,60100842
-4,61899988;5,60100842
-4,61799988;6,72059488
-4,61699988;7,84018135
-4,61599988;8,96284389
-4,61499988;10,08243084
-4,61399988;11,20201683
-4,61299988;12,32467842
-4,61199988;13,44426537
-4,61099988;14,56385231
-4,60999988;15,68343925
-4,60899988;16,80610085
-4,60799988;17,92568779
-4,60699988;19,04527283
-4,60599988;19,04527283
-4,60499988;20,16793633
-4,60399988;21,28752327
-4,60299988;22,40711021
-4,60199988;22,40711021
-4,60099988;23,52669716
-4,59999988;24,64935684
-4,59899988;25,76894569
-4,59799988;25,76894569
-4,59699988;26,88853073
-4,59599988;26,88853073
-4,59499988;28,01119423
-4,59399988;29,13078117
-4,59299988;29,13078117
-4,59199988;29,13078117
-4,59099988;30,25036621
-4,58999988;30,25036621
-4,58899988;30,25036621
-4,58799988;30,25036621
-4,58699988;30,25036621
-4,58599988;31,36995316
-4,58499988;31,36995316
-4,58399988;31,36995316
-4,58299988;31,36995316
-4,58199988;31,36995316
-4,58099988;31,36995316
-4,57999988;30,25036621
-4,57899988;30,25036621
-4,57799988;30,25036621
-4,57699988;30,25036621
-4,57599988;30,25036621
-4,57499988;30,25036621
-4,57399988;29,13078117
-4,57299988;29,13078117
-4,57199988;29,13078117
-4,57099988;29,13078117
-4,56999988;29,13078117
-4,56899988;28,01119423
-4,56799988;28,01119423
-4,56699988;26,88853073
-4,56599988;26,88853073
-4,56499988;25,76894569
-4,56399988;24,64935684
-4,56299988;24,64935684
-4,56199988;23,52669716
-4,56099988;23,52669716
-4,55999988;22,40711021
-4,55899988;22,40711021
-4,55799988;21,28752327
-4,55699988;20,16793633
-4,55599988;19,04527283
-4,55499988;19,04527283
-4,55399988;17,92568779
-4,55299988;16,80610085
-4,55199988;15,68343925
-4,55099988;14,56385231
-4,54999988;14,56385231
-4,54899988;12,32467842
-4,54799988;11,20201683
-4,54699988;11,20201683
-4,54599988;10,08243084
-4,54499988;8,96284389
-4,54399988;7,84018135
-4,54299988;6,72059488
-4,54199988;5,60100842
-4,54099988;4,48142195
-4,53999988;3,35875964
-4,53899988;2,23917317
-4,53799988;1,11958659
-4,53699988;0,00000000
-4,53599988;-1,11958659
-4,53499988;-2,23917317
-4,53399988;-3,35875964
-4,53299988;-4,48142195
-4,53199988;-5,60100842
-4,53099988;-6,72059488
-4,52999988;-8,96284389
-4,52899988;-8,96284389
-4,52799988;-10,08243084
-4,52699988;-11,20201683
-4,52599988;-13,44426537
-4,52499988;-14,56385231
-4,52399988;-15,68343925
-4,52299988;-16,80610085
-4,52199988;-16,80610085
-4,52099988;-17,92568779
-4,51999988;-20,16793633
-4,51899988;-20,16793633
-4,51799988;-21,28752327
-4,51699988;-22,40711021
-4,51599988;-23,52669716
-4,51499988;-23,52669716
-4,51399988;-24,64935684
-4,51299988;-25,76894569
-4,51199988;-26,88853073
-4,51099988;-26,88853073
-4,50999988;-26,88853073
-4,50899988;-28,01119423
-4,50799988;-28,01119423
-4,50699988;-28,01119423
-4,50599988;-29,13078117
-4,50499988;-29,13078117
-4,50399988;-29,13078117
-4,50299988;-29,13078117
-4,50199988;-29,13078117
-4,50099988;-29,13078117
-4,49999988;-29,13078117
-4,49899988;-30,25036621
-4,49799988;-29,13078117
-4,49699988;-29,13078117
-4,49599988;-29,13078117
-4,49499988;-29,13078117
-4,49399988;-29,13078117
-4,49299988;-29,13078117
-4,49199988;-29,13078117
-4,49099988;-29,13078117
-4,48999988;-28,01119423
-4,48899988;-28,01119423
-4,48799988;-28,01119423
-4,48699988;-26,88853073
-4,48599988;-26,88853073
-4,48499988;-26,88853073
-4,48399988;-26,88853073
-4,48299988;-26,88853073
-4,48199988;-25,76894569
-4,48099988;-25,76894569
-4,47999988;-24,64935684
-4,47899988;-24,64935684
-4,47799988;-24,64935684
-4,47699988;-24,64935684
-4,47599988;-24,64935684
-4,47499988;-23,52669716
-4,47399988;-23,52669716
-4,47299988;-23,52669716
-4,47199988;-22,40711021
-4,47099988;-22,40711021
-4,46999988;-21,28752327
-4,46899988;-20,16793633
-4,46799988;-20,16793633
-4,46699988;-19,04527283
-4,46599988;-19,04527283
-4,46499988;-17,92568779
-4,46399988;-16,80610085
-4,46299988;-16,80610085
-4,46199988;-15,68343925
-4,46099988;-15,68343925
-4,45999988;-14,56385231
-4,45899988;-13,44426537
-4,45799988;-12,32467842
-4,45699988;-11,20201683
-4,45599988;-10,08243084
-4,45499988;-8,96284389
-4,45399988;-8,96284389
-4,45299988;-7,84018135
-4,45199988;-6,72059488
-4,45099988;-5,60100842
-4,44999988;-4,48142195
-4,44899988;-3,35875964
-4,44799988;-2,23917317
-4,44699988;-1,11958659
-4,44599988;0,00000000
-4,44499988;1,11958659
-4,44399988;2,23917317
-4,44299988;3,35875964
-4,44199988;4,48142195
-4,44099988;5,60100842
-4,43999988;6,72059488
-4,43899988;7,84018135
-4,43799988;8,96284389
-4,43699988;11,20201683
-4,43599988;11,20201683
-4,43499988;12,32467842
-4,43399988;13,44426537
-4,43299988;14,56385231
-4,43199988;15,68343925
-4,43099988;16,80610085
-4,42999988;17,92568779
-4,42899988;19,04527283
-4,42799988;20,16793633
-4,42699988;20,16793633
-4,42599988;21,28752327
-4,42499988;22,40711021
-4,42399988;23,52669716
-4,42299988;24,64935684
-4,42199988;24,64935684
-4,42099988;25,76894569
-4,41999988;25,76894569
-4,41899988;26,88853073
-4,41799988;28,01119423
-4,41699988;28,01119423
-4,41599988;29,13078117
-4,41499988;29,13078117
-4,41399988;30,25036621
-4,41299988;30,25036621
-4,41199988;30,25036621
-4,41099988;30,25036621
-4,40999988;31,36995316
-4,40899988;31,36995316
-4,40799988;31,36995316
-4,40699988;30,25036621
-4,40599988;31,36995316
-4,40499988;31,36995316
-4,40399988;31,36995316
-4,40299988;30,25036621
-4,40199988;30,25036621
-4,40099988;30,25036621
-4,39999988;30,25036621
-4,39899988;30,25036621
-4,39799988;30,25036621
-4,39699988;30,25036621
-4,39599988;29,13078117
-4,39499988;29,13078117
-4,39399988;29,13078117
-4,39299988;29,13078117
-4,39199988;28,01119423
-4,39099988;28,01119423
-4,38999988;28,01119423
-4,38899988;26,88853073
-4,38799989;25,76894569
-4,38699989;25,76894569
-4,38599989;24,64935684
-4,38499989;24,64935684
-4,38399989;23,52669716
-4,38299989;22,40711021
-4,38199989;22,40711021
-4,38099989;22,40711021
-4,37999989;21,28752327
-4,37899989;20,16793633
-4,37799989;19,04527283
-4,37699989;19,04527283
-4,37599989;17,92568779
-4,37499989;16,80610085
-4,37399989;15,68343925
-4,37299989;14,56385231
-4,37199989;14,56385231
-4,37099989;12,32467842
-4,36999989;12,32467842
-4,36899989;11,20201683
-4,36799989;10,08243084
-4,36699989;8,96284389
-4,36599989;7,84018135
-4,36499989;6,72059488
-4,36399989;5,60100842
-4,36299989;4,48142195
-4,36199989;3,35875964
-4,36099989;2,23917317
-4,35999989;1,11958659
-4,35899989;0,00000000
-4,35799989;-1,11958659
-4,35699989;-2,23917317
-4,35599989;-3,35875964
-4,35499989;-4,48142195
-4,35399989;-6,72059488
-4,35299989;-6,72059488
-4,35199989;-8,96284389
-4,35099989;-10,08243084
-4,34999989;-10,08243084
-4,34899989;-12,32467842
-4,34799989;-12,32467842
-4,34699989;-14,56385231
-4,34599989;-15,68343925
-4,34499989;-16,80610085
-4,34399989;-17,92568779
-4,34299989;-19,04527283
-4,34199989;-20,16793633
-4,34099989;-20,16793633
-4,33999989;-21,28752327
-4,33899989;-22,40711021
-4,33799989;-23,52669716
-4,33699989;-24,64935684
-4,33599989;-24,64935684
-4,33499989;-25,76894569
-4,33399989;-26,88853073
-4,33299989;-26,88853073
-4,33199989;-28,01119423
-4,33099989;-28,01119423
-4,32999989;-28,01119423
-4,32899989;-28,01119423
-4,32799989;-29,13078117
-4,32699989;-29,13078117
-4,32599989;-29,13078117
-4,32499989;-29,13078117
-4,32399989;-29,13078117
-4,32299989;-30,25036621
-4,32199989;-29,13078117
-4,32099989;-29,13078117
-4,31999989;-30,25036621
-4,31899989;-29,13078117
-4,31799989;-29,13078117
-4,31699989;-29,13078117
-4,31599989;-29,13078117
-4,31499989;-29,13078117
-4,31399989;-28,01119423
-4,31299989;-28,01119423
-4,31199989;-28,01119423
-4,31099989;-28,01119423
-4,30999989;-28,01119423
-4,30899989;-26,88853073
-4,30799989;-26,88853073
-4,30699989;-26,88853073
-4,30599989;-26,88853073
-4,30499989;-25,76894569
-4,30399989;-25,76894569
-4,30299989;-25,76894569
-4,30199989;-24,64935684
-4,30099989;-24,64935684
-4,29999989;-24,64935684
-4,29899989;-24,64935684
-4,29799989;-23,52669716
-4,29699989;-23,52669716
-4,29599989;-23,52669716
-4,29499989;-23,52669716
-4,29399989;-22,40711021
-4,29299989;-21,28752327
-4,29199989;-21,28752327
-4,29099989;-20,16793633
-4,28999989;-19,04527283
-4,28899989;-19,04527283
-4,28799989;-19,04527283
-4,28699989;-17,92568779
-4,28599989;-16,80610085
-4,28499989;-15,68343925
-4,28399989;-15,68343925
-4,28299989;-14,56385231
-4,28199989;-14,56385231
-4,28099989;-13,44426537
-4,27999989;-12,32467842
-4,27899989;-11,20201683
-4,27799989;-10,08243084
-4,27699989;-8,96284389
-4,27599989;-8,96284389
-4,27499989;-7,84018135
-4,27399989;-6,72059488
-4,27299989;-5,60100842
-4,27199989;-4,48142195
-4,27099989;-3,35875964
-4,26999989;-2,23917317
-4,26899989;-1,11958659
-4,26799989;0,00000000
-4,26699989;1,11958659
-4,26599989;2,23917317
-4,26499989;3,35875964
-4,26399989;5,60100842
-4,26299989;6,72059488
-4,26199989;7,84018135
-4,26099989;7,84018135
-4,25999989;8,96284389
-4,25899989;10,08243084
-4,25799989;11,20201683
-4,25699989;13,44426537
-4,25599989;13,44426537
-4,25499989;14,56385231
-4,25399989;15,68343925
-4,25299989;16,80610085
-4,25199989;17,92568779
-4,25099989;19,04527283
-4,24999989;21,28752327
-4,24899989;21,28752327
-4,24799989;22,40711021
-4,24699989;22,40711021
-4,24599989;23,52669716
-4,24499989;23,52669716
-4,24399989;24,64935684
-4,24299989;25,76894569
-4,24199989;26,88853073
-4,24099989;26,88853073
-4,23999989;26,88853073
-4,23899989;28,01119423
-4,23799989;29,13078117
-4,23699989;29,13078117
-4,23599989;29,13078117
-4,23499989;30,25036621
-4,23399989;30,25036621
-4,23299989;30,25036621
-4,23199989;30,25036621
-4,23099989;30,25036621
-4,22999989;30,25036621
-4,22899989;31,36995316
-4,22799989;31,36995316
-4,22699989;31,36995316
-4,22599989;31,36995316
-4,22499989;31,36995316
-4,22399989;31,36995316
-4,22299989;31,36995316
-4,22199989;30,25036621
-4,22099989;30,25036621
-4,21999989;30,25036621
-4,21899989;30,25036621
-4,21799989;29,13078117
-4,21699989;29,13078117
-4,21599989;29,13078117
-4,21499989;29,13078117
-4,21399989;28,01119423
-4,21299989;28,01119423
-4,21199989;26,88853073
-4,21099989;26,88853073
-4,20999989;26,88853073
-4,20899989;25,76894569
-4,20799989;24,64935684
-4,20699989;24,64935684
-4,20599989;23,52669716
-4,20499989;23,52669716
-4,20399989;22,40711021
-4,20299989;21,28752327
-4,20199989;21,28752327
-4,20099989;20,16793633
-4,19999989;19,04527283
-4,19899989;17,92568779
-4,19799989;17,92568779
-4,19699989;16,80610085
-4,19599989;15,68343925
-4,19499989;14,56385231
-4,19399989;13,44426537
-4,19299989;12,32467842
-4,19199989;11,20201683
-4,19099989;10,08243084
-4,18999989;10,08243084
-4,18899989;8,96284389
-4,18799989;7,84018135
-4,18699989;6,72059488
-4,18599989;5,60100842
-4,18499989;4,48142195
-4,18399989;3,35875964
-4,18299989;2,23917317
-4,18199989;1,11958659
-4,18099989;0,00000000
-4,17999989;-1,11958659
-4,17899989;-3,35875964
-4,17799989;-4,48142195
-4,17699989;-5,60100842
-4,17599989;-6,72059488
-4,17499989;-7,84018135
-4,17399989;-8,96284389
-4,17299989;-10,08243084
-4,17199989;-11,20201683
-4,17099989;-12,32467842
-4,16999989;-13,44426537
-4,16899989;-14,56385231
-4,16799989;-15,68343925
-4,16699989;-16,80610085
-4,16599989;-17,92568779
-4,16499989;-19,04527283
-4,16399989;-19,04527283
-4,16299989;-21,28752327
-4,16199989;-22,40711021
-4,16099989;-22,40711021
-4,15999989;-23,52669716
-4,15899989;-24,64935684
-4,15799989;-24,64935684
-4,15699989;-25,76894569
-4,15599989;-26,88853073
-4,15499989;-26,88853073
-4,15399989;-26,88853073
-4,15299989;-28,01119423
-4,15199989;-28,01119423
-4,15099989;-28,01119423
-4,14999989;-29,13078117
-4,14899989;-29,13078117
-4,14799989;-29,13078117
-4,14699989;-29,13078117
-4,14599989;-29,13078117
-4,14499989;-29,13078117
-4,14399989;-29,13078117
-4,14299989;-29,13078117
-4,14199989;-30,25036621
-4,14099989;-30,25036621
-4,13999989;-29,13078117
-4,13899989;-29,13078117
-4,13799989;-29,13078117
-4,13699989;-29,13078117
-4,13599989;-28,01119423
-4,13499989;-28,01119423
-4,13399989;-28,01119423
-4,13299989;-28,01119423
-4,13199989;-28,01119423
-4,13099989;-26,88853073
-4,12999989;-26,88853073
-4,12899989;-26,88853073
-4,12799989;-26,88853073
-4,12699989;-25,76894569
-4,12599989;-25,76894569
-4,12499989;-24,64935684
-4,12399989;-24,64935684
-4,12299989;-24,64935684
-4,12199989;-24,64935684
-4,12099989;-24,64935684
-4,11999989;-24,64935684
-4,11899989;-23,52669716
-4,11799989;-23,52669716
-4,11699989;-23,52669716
-4,11599989;-22,40711021
-4,11499989;-22,40711021
-4,11399989;-20,16793633
-4,11299989;-20,16793633
-4,11199989;-20,16793633
-4,11099989;-19,04527283
-4,10999989;-17,92568779
-4,10899989;-17,92568779
-4,10799989;-16,80610085
-4,10699989;-15,68343925
-4,10599989;-15,68343925
-4,10499989;-14,56385231
-4,10399989;-13,44426537
-4,10299989;-13,44426537
-4,10199989;-12,32467842
-4,10099989;-11,20201683
-4,09999989;-10,08243084
-4,09899989;-8,96284389
-4,09799989;-7,84018135
-4,09699989;-6,72059488
-4,09599989;-6,72059488
-4,09499989;-5,60100842
-4,09399989;-4,48142195
-4,09299989;-3,35875964
-4,09199989;-2,23917317
-4,09099989;-1,11958659
-4,08999989;0,00000000
-4,08899989;1,11958659
-4,08799989;3,35875964
-4,08699989;4,48142195
-4,08599989;4,48142195
-4,08499989;6,72059488
-4,08399989;6,72059488
-4,08299989;7,84018135
-4,08199989;10,08243084
-4,08099989;11,20201683
-4,07999989;12,32467842
-4,07899989;12,32467842
-4,07799989;14,56385231
-4,07699989;15,68343925
-4,07599989;15,68343925
-4,07499989;16,80610085
-4,07399989;17,92568779
-4,07299989;19,04527283
-4,07199989;20,16793633
-4,07099989;21,28752327
-4,06999989;22,40711021
-4,06899989;22,40711021
-4,06799989;23,52669716
-4,06699989;24,64935684
-4,06599989;25,76894569
-4,06499989;25,76894569
-4,06399989;26,88853073
-4,06299989;26,88853073
-4,06199989;28,01119423
-4,06099989;28,01119423
-4,05999989;29,13078117
-4,05899989;29,13078117
-4,05799989;30,25036621
-4,05699989;30,25036621
-4,05599989;30,25036621
-4,05499989;30,25036621
-4,05399989;30,25036621
-4,05299989;30,25036621
-4,05199989;31,36995316
-4,05099989;31,36995316
-4,04999989;30,25036621
-4,04899989;30,25036621
-4,04799989;31,36995316
-4,04699989;30,25036621
-4,04599989;31,36995316
-4,04499989;30,25036621
-4,04399989;30,25036621
-4,04299989;30,25036621
-4,04199989;30,25036621
-4,04099989;30,25036621
-4,03999989;30,25036621
-4,03899989;29,13078117
-4,03799989;29,13078117
-4,03699989;28,01119423
-4,03599989;28,01119423
-4,03499989;28,01119423
-4,03399990;26,88853073
-4,03299990;26,88853073
-4,03199990;25,76894569
-4,03099990;25,76894569
-4,02999990;24,64935684
-4,02899990;24,64935684
-4,02799990;23,52669716
-4,02699990;22,40711021
-4,02599990;22,40711021
-4,02499990;21,28752327
-4,02399990;21,28752327
-4,02299990;20,16793633
-4,02199990;19,04527283
-4,02099990;17,92568779
-4,01999990;16,80610085
-4,01899990;16,80610085
-4,01799990;15,68343925
-4,01699990;14,56385231
-4,01599990;13,44426537
-4,01499990;12,32467842
-4,01399990;12,32467842
-4,01299990;10,08243084
-4,01199990;8,96284389
-4,01099990;7,84018135
-4,00999990;7,84018135
-4,00899990;6,72059488
-4,00799990;5,60100842
-4,00699990;4,48142195
-4,00599990;3,35875964
-4,00499990;2,23917317
-4,00399990;0,00000000
-4,00299990;0,00000000
-4,00199990;-2,23917317
-4,00099990;-3,35875964
-3,99999990;-4,48142195
-3,99899990;-5,60100842
-3,99799990;-6,72059488
-3,99699990;-7,84018135
-3,99599990;-8,96284389
-3,99499990;-10,08243084
-3,99399990;-11,20201683
-3,99299990;-12,32467842
-3,99199990;-13,44426537
-3,99099990;-14,56385231
-3,98999990;-15,68343925
-3,98899990;-16,80610085
-3,98799990;-17,92568779
-3,98699990;-19,04527283
-3,98599990;-20,16793633
-3,98499990;-20,16793633
-3,98399990;-22,40711021
-3,98299990;-23,52669716
-3,98199990;-23,52669716
-3,98099990;-24,64935684
-3,97999990;-24,64935684
-3,97899990;-25,76894569
-3,97799990;-26,88853073
-3,97699990;-26,88853073
-3,97599990;-28,01119423
-3,97499990;-28,01119423
-3,97399990;-28,01119423
-3,97299990;-28,01119423
-3,97199990;-28,01119423
-3,97099990;-29,13078117
-3,96999990;-29,13078117
-3,96899990;-29,13078117
-3,96799990;-29,13078117
-3,96699990;-29,13078117
-3,96599990;-30,25036621
-3,96499990;-30,25036621
-3,96399990;-29,13078117
-3,96299990;-29,13078117
-3,96199990;-29,13078117
-3,96099990;-29,13078117
-3,95999990;-29,13078117
-3,95899990;-29,13078117
-3,95799990;-28,01119423
-3,95699990;-29,13078117
-3,95599990;-28,01119423
-3,95499990;-28,01119423
-3,95399990;-28,01119423
-3,95299990;-26,88853073
-3,95199990;-26,88853073
-3,95099990;-26,88853073
-3,94999990;-26,88853073
-3,94899990;-25,76894569
-3,94799990;-25,76894569
-3,94699990;-24,64935684
-3,94599990;-24,64935684
-3,94499990;-24,64935684
-3,94399990;-24,64935684
-3,94299990;-24,64935684
-3,94199990;-24,64935684
-3,94099990;-23,52669716
-3,93999990;-23,52669716
-3,93899990;-23,52669716
-3,93799990;-22,40711021
-3,93699990;-21,28752327
-3,93599990;-20,16793633
-3,93499990;-20,16793633
-3,93399990;-19,04527283
-3,93299990;-19,04527283
-3,93199990;-19,04527283
-3,93099990;-17,92568779
-3,92999990;-16,80610085
-3,92899990;-15,68343925
-3,92799990;-14,56385231
-3,92699990;-14,56385231
-3,92599990;-14,56385231
-3,92499990;-13,44426537
-3,92399990;-12,32467842
-3,92299990;-11,20201683
-3,92199990;-10,08243084
-3,92099990;-8,96284389
-3,91999990;-7,84018135
-3,91899990;-6,72059488
-3,91799990;-5,60100842
-3,91699990;-5,60100842
-3,91599990;-4,48142195
-3,91499990;-3,35875964
-3,91399990;-1,11958659
-3,91299990;0,00000000
-3,91199990;1,11958659
-3,91099990;2,23917317
-3,90999990;3,35875964
-3,90899990;4,48142195
-3,90799990;5,60100842
-3,90699990;6,72059488
-3,90599990;7,84018135
-3,90499990;8,96284389
-3,90399990;10,08243084
-3,90299990;11,20201683
-3,90199990;12,32467842
-3,90099990;12,32467842
-3,89999990;14,56385231
-3,89899990;15,68343925
-3,89799990;16,80610085
-3,89699990;17,92568779
-3,89599990;17,92568779
-3,89499990;19,04527283
-3,89399990;20,16793633
-3,89299990;21,28752327
-3,89199990;21,28752327
-3,89099990;22,40711021
-3,88999990;23,52669716
-3,88899990;24,64935684
-3,88799990;25,76894569
-3,88699990;25,76894569
-3,88599990;26,88853073
-3,88499990;26,88853073
-3,88399990;28,01119423
-3,88299990;29,13078117
-3,88199990;29,13078117
-3,88099990;29,13078117
-3,87999990;30,25036621
-3,87899990;30,25036621
-3,87799990;30,25036621
-3,87699990;30,25036621
-3,87599990;30,25036621
-3,87499990;30,25036621
-3,87399990;31,36995316
-3,87299990;31,36995316
-3,87199990;31,36995316
-3,87099990;30,25036621
-3,86999990;31,36995316
-3,86899990;31,36995316
-3,86799990;31,36995316
-3,86699990;31,36995316
-3,86599990;31,36995316
-3,86499990;30,25036621
-3,86399990;30,25036621
-3,86299990;30,25036621
-3,86199990;29,13078117
-3,86099990;29,13078117
-3,85999990;29,13078117
-3,85899990;29,13078117
-3,85799990;28,01119423
-3,85699990;28,01119423
-3,85599990;28,01119423
-3,85499990;26,88853073
-3,85399990;26,88853073
-3,85299990;25,76894569
-3,85199990;24,64935684
-3,85099990;23,52669716
-3,84999990;23,52669716
-3,84899990;22,40711021
-3,84799990;22,40711021
-3,84699990;22,40711021
-3,84599990;21,28752327
-3,84499990;19,04527283
-3,84399990;19,04527283
-3,84299990;17,92568779
-3,84199990;17,92568779
-3,84099990;16,80610085
-3,83999990;15,68343925
-3,83899990;13,44426537
-3,83799990;13,44426537
-3,83699990;12,32467842
-3,83599990;11,20201683
-3,83499990;10,08243084
-3,83399990;10,08243084
-3,83299990;7,84018135
-3,83199990;6,72059488
-3,83099990;5,60100842
-3,82999990;5,60100842
-3,82899990;3,35875964
-3,82799990;2,23917317
-3,82699990;1,11958659
-3,82599990;1,11958659
-3,82499990;0,00000000
-3,82399990;-2,23917317
-3,82299990;-3,35875964
-3,82199990;-4,48142195
-3,82099990;-5,60100842
-3,81999990;-6,72059488
-3,81899990;-7,84018135
-3,81799990;-8,96284389
-3,81699990;-10,08243084
-3,81599990;-11,20201683
-3,81499990;-12,32467842
-3,81399990;-13,44426537
-3,81299990;-14,56385231
-3,81199990;-15,68343925
-3,81099990;-16,80610085
-3,80999990;-17,92568779
-3,80899990;-19,04527283
-3,80799990;-20,16793633
-3,80699990;-21,28752327
-3,80599990;-22,40711021
-3,80499990;-22,40711021
-3,80399990;-23,52669716
-3,80299990;-24,64935684
-3,80199990;-25,76894569
-3,80099990;-25,76894569
-3,79999990;-26,88853073
-3,79899990;-26,88853073
-3,79799990;-28,01119423
-3,79699990;-28,01119423
-3,79599990;-28,01119423
-3,79499990;-28,01119423
-3,79399990;-29,13078117
-3,79299990;-29,13078117
-3,79199990;-29,13078117
-3,79099990;-29,13078117
-3,78999990;-29,13078117
-3,78899990;-29,13078117
-3,78799990;-29,13078117
-3,78699990;-30,25036621
-3,78599990;-29,13078117
-3,78499990;-29,13078117
-3,78399990;-29,13078117
-3,78299990;-29,13078117
-3,78199990;-29,13078117
-3,78099990;-29,13078117
-3,77999990;-28,01119423
-3,77899990;-28,01119423
-3,77799990;-28,01119423
-3,77699990;-28,01119423
-3,77599990;-28,01119423
-3,77499990;-26,88853073
-3,77399990;-26,88853073
-3,77299990;-26,88853073
-3,77199990;-26,88853073
-3,77099990;-25,76894569
-3,76999990;-25,76894569
-3,76899990;-25,76894569
-3,76799990;-25,76894569
-3,76699990;-24,64935684
-3,76599990;-24,64935684
-3,76499990;-24,64935684
-3,76399990;-23,52669716
-3,76299990;-23,52669716
-3,76199990;-23,52669716
-3,76099990;-22,40711021
-3,75999990;-22,40711021
-3,75899990;-21,28752327
-3,75799990;-20,16793633
-3,75699990;-20,16793633
-3,75599990;-19,04527283
-3,75499990;-19,04527283
-3,75399990;-17,92568779
-3,75299990;-17,92568779
-3,75199990;-16,80610085
-3,75099990;-15,68343925
-3,74999990;-15,68343925
-3,74899990;-14,56385231
-3,74799990;-13,44426537
-3,74699990;-13,44426537
-3,74599990;-12,32467842
-3,74499990;-11,20201683
-3,74399990;-10,08243084
-3,74299990;-8,96284389
-3,74199990;-7,84018135
-3,74099990;-6,72059488
-3,73999990;-5,60100842
-3,73899990;-4,48142195
-3,73799990;-3,35875964
-3,73699990;-2,23917317
-3,73599990;-2,23917317
-3,73499990;0,00000000
-3,73399990;1,11958659
-3,73299990;2,23917317
-3,73199990;3,35875964
-3,73099990;4,48142195
-3,72999990;5,60100842
-3,72899990;6,72059488
-3,72799990;7,84018135
-3,72699990;8,96284389
-3,72599990;8,96284389
-3,72499990;11,20201683
-3,72399990;12,32467842
-3,72299990;13,44426537
-3,72199990;14,56385231
-3,72099990;15,68343925
-3,71999990;16,80610085
-3,71899990;17,92568779
-3,71799990;19,04527283
-3,71699990;19,04527283
-3,71599990;20,16793633
-3,71499990;21,28752327
-3,71399990;22,40711021
-3,71299990;23,52669716
-3,71199990;23,52669716
-3,71099990;24,64935684
-3,70999990;25,76894569
-3,70899990;25,76894569
-3,70799990;25,76894569
-3,70699990;26,88853073
-3,70599990;28,01119423
-3,70499990;28,01119423
-3,70399990;28,01119423
-3,70299990;29,13078117
-3,70199990;30,25036621
-3,70099990;30,25036621
-3,69999990;30,25036621
-3,69899990;30,25036621
-3,69799990;31,36995316
-3,69699990;31,36995316
-3,69599990;31,36995316
-3,69499990;31,36995316
-3,69399990;31,36995316
-3,69299990;31,36995316
-3,69199990;31,36995316
-3,69099990;31,36995316
-3,68999990;30,25036621
-3,68899990;30,25036621
-3,68799990;30,25036621
-3,68699990;30,25036621
-3,68599990;30,25036621
-3,68499990;30,25036621
-3,68399990;29,13078117
-3,68299990;29,13078117
-3,68199990;29,13078117
-3,68099990;28,01119423
-3,67999991;28,01119423
-3,67899991;28,01119423
-3,67799991;26,88853073
-3,67699991;26,88853073
-3,67599991;25,76894569
-3,67499991;25,76894569
-3,67399991;24,64935684
-3,67299991;23,52669716
-3,67199991;23,52669716
-3,67099991;23,52669716
-3,66999991;22,40711021
-3,66899991;21,28752327
-3,66799991;20,16793633
-3,66699991;19,04527283
-3,66599991;19,04527283
-3,66499991;17,92568779
-3,66399991;17,92568779
-3,66299991;16,80610085
-3,66199991;15,68343925
-3,66099991;14,56385231
-3,65999991;13,44426537
-3,65899991;12,32467842
-3,65799991;11,20201683
-3,65699991;10,08243084
-3,65599991;10,08243084
-3,65499991;8,96284389
-3,65399991;6,72059488
-3,65299991;5,60100842
-3,65199991;4,48142195
-3,65099991;3,35875964
-3,64999991;2,23917317
-3,64899991;1,11958659
-3,64799991;0,00000000
-3,64699991;-1,11958659
-3,64599991;-2,23917317
-3,64499991;-3,35875964
-3,64399991;-4,48142195
-3,64299991;-5,60100842
-3,64199991;-6,72059488
-3,64099991;-7,84018135
-3,63999991;-8,96284389
-3,63899991;-10,08243084
-3,63799991;-11,20201683
-3,63699991;-12,32467842
-3,63599991;-13,44426537
-3,63499991;-14,56385231
-3,63399991;-15,68343925
-3,63299991;-16,80610085
-3,63199991;-17,92568779
-3,63099991;-19,04527283
-3,62999991;-20,16793633
-3,62899991;-21,28752327
-3,62799991;-22,40711021
-3,62699991;-22,40711021
-3,62599991;-23,52669716
-3,62499991;-24,64935684
-3,62399991;-25,76894569
-3,62299991;-25,76894569
-3,62199991;-26,88853073
-3,62099991;-28,01119423
-3,61999991;-28,01119423
-3,61899991;-28,01119423
-3,61799991;-28,01119423
-3,61699991;-28,01119423
-3,61599991;-29,13078117
-3,61499991;-29,13078117
-3,61399991;-29,13078117
-3,61299991;-29,13078117
-3,61199991;-29,13078117
-3,61099991;-30,25036621
-3,60999991;-30,25036621
-3,60899991;-29,13078117
-3,60799991;-29,13078117
-3,60699991;-29,13078117
-3,60599991;-29,13078117
-3,60499991;-29,13078117
-3,60399991;-29,13078117
-3,60299991;-29,13078117
-3,60199991;-28,01119423
-3,60099991;-28,01119423
-3,59999991;-28,01119423
-3,59899991;-28,01119423
-3,59799991;-26,88853073
-3,59699991;-26,88853073
-3,59599991;-26,88853073
-3,59499991;-26,88853073
-3,59399991;-25,76894569
-3,59299991;-25,76894569
-3,59199991;-25,76894569
-3,59099991;-25,76894569
-3,58999991;-24,64935684
-3,58899991;-24,64935684
-3,58799991;-24,64935684
-3,58699991;-23,52669716
-3,58599991;-23,52669716
-3,58499991;-23,52669716
-3,58399991;-23,52669716
-3,58299991;-22,40711021
-3,58199991;-22,40711021
-3,58099991;-21,28752327
-3,57999991;-20,16793633
-3,57899991;-20,16793633
-3,57799991;-19,04527283
-3,57699991;-19,04527283
-3,57599991;-17,92568779
-3,57499991;-17,92568779
-3,57399991;-16,80610085
-3,57299991;-15,68343925
-3,57199991;-15,68343925
-3,57099991;-14,56385231
-3,56999991;-13,44426537
-3,56899991;-12,32467842
-3,56799991;-12,32467842
-3,56699991;-11,20201683
-3,56599991;-10,08243084
-3,56499991;-8,96284389
-3,56399991;-7,84018135
-3,56299991;-6,72059488
-3,56199991;-5,60100842
-3,56099991;-4,48142195
-3,55999991;-3,35875964
-3,55899991;-2,23917317
-3,55799991;-1,11958659
-3,55699991;0,00000000
-3,55599991;1,11958659
-3,55499991;2,23917317
-3,55399991;3,35875964
-3,55299991;4,48142195
-3,55199991;5,60100842
-3,55099991;6,72059488
-3,54999991;7,84018135
-3,54899991;8,96284389
-3,54799991;10,08243084
-3,54699991;11,20201683
-3,54599991;12,32467842
-3,54499991;13,44426537
-3,54399991;14,56385231
-3,54299991;15,68343925
-3,54199991;16,80610085
-3,54099991;17,92568779
-3,53999991;19,04527283
-3,53899991;19,04527283
-3,53799991;20,16793633
-3,53699991;21,28752327
-3,53599991;22,40711021
-3,53499991;23,52669716
-3,53399991;23,52669716
-3,53299991;24,64935684
-3,53199991;25,76894569
-3,53099991;25,76894569
-3,52999991;26,88853073
-3,52899991;28,01119423
-3,52799991;28,01119423
-3,52699991;29,13078117
-3,52599991;29,13078117
-3,52499991;29,13078117
-3,52399991;29,13078117
-3,52299991;30,25036621
-3,52199991;30,25036621
-3,52099991;30,25036621
-3,51999991;31,36995316
-3,51899991;30,25036621
-3,51799991;31,36995316
-3,51699991;31,36995316
-3,51599991;31,36995316
-3,51499991;31,36995316
-3,51399991;31,36995316
-3,51299991;31,36995316
-3,51199991;31,36995316
-3,51099991;31,36995316
-3,50999991;31,36995316
-3,50899991;30,25036621
-3,50799991;30,25036621
-3,50699991;30,25036621
-3,50599991;30,25036621
-3,50499991;29,13078117
-3,50399991;29,13078117
-3,50299991;29,13078117
-3,50199991;28,01119423
-3,50099991;28,01119423
-3,49999991;26,88853073
-3,49899991;26,88853073
-3,49799991;25,76894569
-3,49699991;25,76894569
-3,49599991;24,64935684
-3,49499991;23,52669716
-3,49399991;23,52669716
-3,49299991;22,40711021
-3,49199991;21,28752327
-3,49099991;21,28752327
-3,48999991;20,16793633
-3,48899991;19,04527283
-3,48799991;19,04527283
-3,48699991;17,92568779
-3,48599991;16,80610085
-3,48499991;15,68343925
-3,48399991;15,68343925
-3,48299991;14,56385231
-3,48199991;13,44426537
-3,48099991;12,32467842
-3,47999991;11,20201683
-3,47899991;10,08243084
-3,47799991;8,96284389
-3,47699991;7,84018135
-3,47599991;6,72059488
-3,47499991;5,60100842
-3,47399991;4,48142195
-3,47299991;3,35875964
-3,47199991;2,23917317
-3,47099991;1,11958659
-3,46999991;0,00000000
-3,46899991;-1,11958659
-3,46799991;-2,23917317
-3,46699991;-3,35875964
-3,46599991;-4,48142195
-3,46499991;-5,60100842
-3,46399991;-5,60100842
-3,46299991;-6,72059488
-3,46199991;-8,96284389
-3,46099991;-10,08243084
-3,45999991;-12,32467842
-3,45899991;-12,32467842
-3,45799991;-13,44426537
-3,45699991;-15,68343925
-3,45599991;-16,80610085
-3,45499991;-16,80610085
-3,45399991;-17,92568779
-3,45299991;-19,04527283
-3,45199991;-20,16793633
-3,45099991;-21,28752327
-3,44999991;-22,40711021
-3,44899991;-23,52669716
-3,44799991;-23,52669716
-3,44699991;-24,64935684
-3,44599991;-25,76894569
-3,44499991;-25,76894569
-3,44399991;-26,88853073
-3,44299991;-26,88853073
-3,44199991;-28,01119423
-3,44099991;-28,01119423
-3,43999991;-28,01119423
-3,43899991;-29,13078117
-3,43799991;-29,13078117
-3,43699991;-29,13078117
-3,43599991;-29,13078117
-3,43499991;-29,13078117
-3,43399991;-29,13078117
-3,43299991;-30,25036621
-3,43199991;-30,25036621
-3,43099991;-29,13078117
-3,42999991;-29,13078117
-3,42899991;-29,13078117
-3,42799991;-29,13078117
-3,42699991;-29,13078117
-3,42599991;-29,13078117
-3,42499991;-28,01119423
-3,42399991;-28,01119423
-3,42299991;-28,01119423
-3,42199991;-28,01119423
-3,42099991;-28,01119423
-3,41999991;-28,01119423
-3,41899991;-26,88853073
-3,41799991;-26,88853073
-3,41699991;-25,76894569
-3,41599991;-25,76894569
-3,41499991;-25,76894569
-3,41399991;-25,76894569
-3,41299991;-25,76894569
-3,41199991;-24,64935684
-3,41099991;-24,64935684
-3,40999991;-24,64935684
-3,40899991;-23,52669716
-3,40799991;-23,52669716
-3,40699991;-23,52669716
-3,40599991;-23,52669716
-3,40499991;-23,52669716
-3,40399991;-22,40711021
-3,40299991;-21,28752327
-3,40199991;-21,28752327
-3,40099991;-20,16793633
-3,39999991;-19,04527283
-3,39899991;-17,92568779
-3,39799991;-17,92568779
-3,39699991;-16,80610085
-3,39599991;-16,80610085
-3,39499991;-15,68343925
-3,39399991;-14,56385231
-3,39299991;-14,56385231
-3,39199991;-13,44426537
-3,39099991;-12,32467842
-3,38999991;-11,20201683
-3,38899991;-11,20201683
-3,38799991;-10,08243084
-3,38699991;-8,96284389
-3,38599991;-7,84018135
-3,38499991;-6,72059488
-3,38399991;-5,60100842
-3,38299991;-4,48142195
-3,38199991;-3,35875964
-3,38099991;-2,23917317
-3,37999991;-1,11958659
-3,37899991;0,00000000
-3,37799991;1,11958659
-3,37699991;2,23917317
-3,37599991;3,35875964
-3,37499991;4,48142195
-3,37399991;5,60100842
-3,37299991;6,72059488
-3,37199991;7,84018135
-3,37099991;8,96284389
-3,36999991;10,08243084
-3,36899991;11,20201683
-3,36799991;12,32467842
-3,36699991;13,44426537
-3,36599991;14,56385231
-3,36499991;15,68343925
-3,36399991;16,80610085
-3,36299991;17,92568779
-3,36199991;19,04527283
-3,36099991;20,16793633
-3,35999991;21,28752327
-3,35899991;21,28752327
-3,35799991;22,40711021
-3,35699991;23,52669716
-3,35599991;23,52669716
-3,35499991;24,64935684
-3,35399991;25,76894569
-3,35299991;26,88853073
-3,35199991;26,88853073
-3,35099991;28,01119423
-3,34999991;28,01119423
-3,34899991;29,13078117
-3,34799991;29,13078117
-3,34699991;29,13078117
-3,34599991;30,25036621
-3,34499991;30,25036621
-3,34399991;30,25036621
-3,34299991;30,25036621
-3,34199991;30,25036621
-3,34099991;31,36995316
-3,33999991;31,36995316
-3,33899991;31,36995316
-3,33799991;31,36995316
-3,33699991;31,36995316
-3,33599991;31,36995316
-3,33499991;31,36995316
-3,33399991;31,36995316
-3,33299991;30,25036621
-3,33199991;30,25036621
-3,33099991;30,25036621
-3,32999991;30,25036621
-3,32899991;29,13078117
-3,32799991;29,13078117
-3,32699992;29,13078117
-3,32599992;29,13078117
-3,32499992;28,01119423
-3,32399992;28,01119423
-3,32299992;28,01119423
-3,32199992;28,01119423
-3,32099992;26,88853073
-3,31999992;25,76894569
-3,31899992;25,76894569
-3,31799992;24,64935684
-3,31699992;23,52669716
-3,31599992;23,52669716
-3,31499992;22,40711021
-3,31399992;22,40711021
-3,31299992;21,28752327
-3,31199992;20,16793633
-3,31099992;19,04527283
-3,30999992;19,04527283
-3,30899992;17,92568779
-3,30799992;16,80610085
-3,30699992;15,68343925
-3,30599992;14,56385231
-3,30499992;13,44426537
-3,30399992;13,44426537
-3,30299992;12,32467842
-3,30199992;11,20201683
-3,30099992;10,08243084
-3,29999992;8,96284389
-3,29899992;7,84018135
-3,29799992;6,72059488
-3,29699992;5,60100842
-3,29599992;4,48142195
-3,29499992;3,35875964
-3,29399992;2,23917317
-3,29299992;1,11958659
-3,29199992;0,00000000
-3,29099992;-2,23917317
-3,28999992;-2,23917317
-3,28899992;-3,35875964
-3,28799992;-4,48142195
-3,28699992;-5,60100842
-3,28599992;-6,72059488
-3,28499992;-7,84018135
-3,28399992;-10,08243084
-3,28299992;-11,20201683
-3,28199992;-12,32467842
-3,28099992;-12,32467842
-3,27999992;-14,56385231
-3,27899992;-15,68343925
-3,27799992;-16,80610085
-3,27699992;-16,80610085
-3,27599992;-17,92568779
-3,27499992;-19,04527283
-3,27399992;-20,16793633
-3,27299992;-21,28752327
-3,27199992;-22,40711021
-3,27099992;-23,52669716
-3,26999992;-24,64935684
-3,26899992;-24,64935684
-3,26799992;-25,76894569
-3,26699992;-25,76894569
-3,26599992;-26,88853073
-3,26499992;-26,88853073
-3,26399992;-28,01119423
-3,26299992;-28,01119423
-3,26199992;-28,01119423
-3,26099992;-29,13078117
-3,25999992;-29,13078117
-3,25899992;-29,13078117
-3,25799992;-29,13078117
-3,25699992;-29,13078117
-3,25599992;-29,13078117
-3,25499992;-29,13078117
-3,25399992;-29,13078117
-3,25299992;-29,13078117
-3,25199992;-30,25036621
-3,25099992;-29,13078117
-3,24999992;-29,13078117
-3,24899992;-29,13078117
-3,24799992;-29,13078117
-3,24699992;-29,13078117
-3,24599992;-29,13078117
-3,24499992;-28,01119423
-3,24399992;-28,01119423
-3,24299992;-28,01119423
-3,24199992;-26,88853073
-3,24099992;-26,88853073
-3,23999992;-26,88853073
-3,23899992;-26,88853073
-3,23799992;-25,76894569
-3,23699992;-25,76894569
-3,23599992;-25,76894569
-3,23499992;-24,64935684
-3,23399992;-24,64935684
-3,23299992;-24,64935684
-3,23199992;-24,64935684
-3,23099992;-23,52669716
-3,22999992;-23,52669716
-3,22899992;-23,52669716
-3,22799992;-23,52669716
-3,22699992;-22,40711021
-3,22599992;-22,40711021
-3,22499992;-21,28752327
-3,22399992;-20,16793633
-3,22299992;-20,16793633
-3,22199992;-19,04527283
-3,22099992;-19,04527283
-3,21999992;-17,92568779
-3,21899992;-16,80610085
-3,21799992;-15,68343925
-3,21699992;-15,68343925
-3,21599992;-14,56385231
-3,21499992;-14,56385231
-3,21399992;-13,44426537
-3,21299992;-12,32467842
-3,21199992;-12,32467842
-3,21099992;-10,08243084
-3,20999992;-10,08243084
-3,20899992;-7,84018135
-3,20799992;-7,84018135
-3,20699992;-6,72059488
-3,20599992;-5,60100842
-3,20499992;-4,48142195
-3,20399992;-3,35875964
-3,20299992;-2,23917317
-3,20199992;-1,11958659
-3,20099992;0,00000000
-3,19999992;1,11958659
-3,19899992;2,23917317
-3,19799992;3,35875964
-3,19699992;5,60100842
-3,19599992;5,60100842
-3,19499992;6,72059488
-3,19399992;7,84018135
-3,19299992;8,96284389
-3,19199992;10,08243084
-3,19099992;11,20201683
-3,18999992;12,32467842
-3,18899992;13,44426537
-3,18799992;14,56385231
-3,18699992;15,68343925
-3,18599992;16,80610085
-3,18499992;17,92568779
-3,18399992;19,04527283
-3,18299992;20,16793633
-3,18199992;20,16793633
-3,18099992;21,28752327
-3,17999992;22,40711021
-3,17899992;23,52669716
-3,17799992;23,52669716
-3,17699992;24,64935684
-3,17599992;25,76894569
-3,17499992;25,76894569
-3,17399992;26,88853073
-3,17299992;28,01119423
-3,17199992;28,01119423
-3,17099992;29,13078117
-3,16999992;29,13078117
-3,16899992;29,13078117
-3,16799992;30,25036621
-3,16699992;30,25036621
-3,16599992;30,25036621
-3,16499992;30,25036621
-3,16399992;30,25036621
-3,16299992;31,36995316
-3,16199992;31,36995316
-3,16099992;31,36995316
-3,15999992;31,36995316
-3,15899992;30,25036621
-3,15799992;31,36995316
-3,15699992;31,36995316
-3,15599992;30,25036621
-3,15499992;30,25036621
-3,15399992;30,25036621
-3,15299992;30,25036621
-3,15199992;30,25036621
-3,15099992;30,25036621
-3,14999992;29,13078117
-3,14899992;29,13078117
-3,14799992;29,13078117
-3,14699992;28,01119423
-3,14599992;28,01119423
-3,14499992;26,88853073
-3,14399992;26,88853073
-3,14299992;26,88853073
-3,14199992;25,76894569
-3,14099992;24,64935684
-3,13999992;24,64935684
-3,13899992;23,52669716
-3,13799992;23,52669716
-3,13699992;22,40711021
-3,13599992;22,40711021
-3,13499992;21,28752327
-3,13399992;20,16793633
-3,13299992;19,04527283
-3,13199992;19,04527283
-3,13099992;17,92568779
-3,12999992;16,80610085
-3,12899992;15,68343925
-3,12799992;14,56385231
-3,12699992;13,44426537
-3,12599992;13,44426537
-3,12499992;12,32467842
-3,12399992;11,20201683
-3,12299992;10,08243084
-3,12199992;8,96284389
-3,12099992;7,84018135
-3,11999992;6,72059488
-3,11899992;5,60100842
-3,11799992;4,48142195
-3,11699992;3,35875964
-3,11599992;2,23917317
-3,11499992;1,11958659
-3,11399992;0,00000000
-3,11299992;-1,11958659
-3,11199992;-2,23917317
-3,11099992;-3,35875964
-3,10999992;-4,48142195
-3,10899992;-5,60100842
-3,10799992;-7,84018135
-3,10699992;-8,96284389
-3,10599992;-10,08243084
-3,10499992;-11,20201683
-3,10399992;-12,32467842
-3,10299992;-13,44426537
-3,10199992;-14,56385231
-3,10099992;-15,68343925
-3,09999992;-16,80610085
-3,09899992;-17,92568779
-3,09799992;-19,04527283
-3,09699992;-19,04527283
-3,09599992;-20,16793633
-3,09499992;-21,28752327
-3,09399992;-22,40711021
-3,09299992;-23,52669716
-3,09199992;-24,64935684
-3,09099992;-25,76894569
-3,08999992;-25,76894569
-3,08899992;-26,88853073
-3,08799992;-26,88853073
-3,08699992;-26,88853073
-3,08599992;-28,01119423
-3,08499992;-28,01119423
-3,08399992;-29,13078117
-3,08299992;-29,13078117
-3,08199992;-29,13078117
-3,08099992;-29,13078117
-3,07999992;-29,13078117
-3,07899992;-29,13078117
-3,07799992;-29,13078117
-3,07699992;-29,13078117
-3,07599992;-29,13078117
-3,07499992;-30,25036621
-3,07399992;-30,25036621
-3,07299992;-29,13078117
-3,07199992;-29,13078117
-3,07099992;-29,13078117
-3,06999992;-29,13078117
-3,06899992;-29,13078117
-3,06799992;-29,13078117
-3,06699992;-29,13078117
-3,06599992;-28,01119423
-3,06499992;-28,01119423
-3,06399992;-26,88853073
-3,06299992;-26,88853073
-3,06199992;-26,88853073
-3,06099992;-26,88853073
-3,05999992;-25,76894569
-3,05899992;-25,76894569
-3,05799992;-25,76894569
-3,05699992;-24,64935684
-3,05599992;-24,64935684
-3,05499992;-24,64935684
-3,05399992;-24,64935684
-3,05299992;-24,64935684
-3,05199992;-24,64935684
-3,05099992;-23,52669716
-3,04999992;-23,52669716
-3,04899992;-22,40711021
-3,04799992;-22,40711021
-3,04699992;-21,28752327
-3,04599992;-20,16793633
-3,04499992;-20,16793633
-3,04399992;-19,04527283
-3,04299992;-19,04527283
-3,04199992;-17,92568779
-3,04099992;-16,80610085
-3,03999992;-15,68343925
-3,03899992;-15,68343925
-3,03799992;-14,56385231
-3,03699992;-14,56385231
-3,03599992;-13,44426537
-3,03499992;-12,32467842
-3,03399992;-11,20201683
-3,03299992;-10,08243084
-3,03199992;-8,96284389
-3,03099992;-8,96284389
-3,02999992;-7,84018135
-3,02899992;-6,72059488
-3,02799992;-5,60100842
-3,02699992;-4,48142195
-3,02599992;-3,35875964
-3,02499992;-2,23917317
-3,02399992;-1,11958659
-3,02299992;0,00000000
-3,02199992;1,11958659
-3,02099992;2,23917317
-3,01999992;3,35875964
-3,01899992;5,60100842
-3,01799992;5,60100842
-3,01699992;6,72059488
-3,01599992;7,84018135
-3,01499992;10,08243084
-3,01399992;11,20201683
-3,01299992;11,20201683
-3,01199992;12,32467842
-3,01099992;13,44426537
-3,00999992;14,56385231
-3,00899992;15,68343925
-3,00799992;16,80610085
-3,00699992;17,92568779
-3,00599992;19,04527283
-3,00499992;20,16793633
-3,00399992;20,16793633
-3,00299992;21,28752327
-3,00199992;22,40711021
-3,00099992;23,52669716
-2,99999992;24,64935684
-2,99899992;25,76894569
-2,99799992;25,76894569
-2,99699992;26,88853073
-2,99599992;26,88853073
-2,99499992;28,01119423
-2,99399992;28,01119423
-2,99299992;28,01119423
-2,99199992;29,13078117
-2,99099992;29,13078117
-2,98999992;30,25036621
-2,98899992;30,25036621
-2,98799992;30,25036621
-2,98699992;30,25036621
-2,98599992;31,36995316
-2,98499992;31,36995316
-2,98399992;31,36995316
-2,98299992;31,36995316
-2,98199992;31,36995316
-2,98099992;30,25036621
-2,97999992;30,25036621
-2,97899992;30,25036621
-2,97799992;31,36995316
-2,97699992;30,25036621
-2,97599992;30,25036621
-2,97499992;30,25036621
-2,97399992;30,25036621
-2,97299993;29,13078117
-2,97199993;29,13078117
-2,97099993;29,13078117
-2,96999993;29,13078117
-2,96899993;28,01119423
-2,96799993;28,01119423
-2,96699993;26,88853073
-2,96599993;26,88853073
-2,96499993;25,76894569
-2,96399993;25,76894569
-2,96299993;24,64935684
-2,96199993;24,64935684
-2,96099993;23,52669716
-2,95999993;23,52669716
-2,95899993;22,40711021
-2,95799993;21,28752327
-2,95699993;20,16793633
-2,95599993;20,16793633
-2,95499993;19,04527283
-2,95399993;17,92568779
-2,95299993;17,92568779
-2,95199993;16,80610085
-2,95099993;15,68343925
-2,94999993;14,56385231
-2,94899993;13,44426537
-2,94799993;12,32467842
-2,94699993;11,20201683
-2,94599993;10,08243084
-2,94499993;8,96284389
-2,94399993;8,96284389
-2,94299993;7,84018135
-2,94199993;6,72059488
-2,94099993;4,48142195
-2,93999993;4,48142195
-2,93899993;3,35875964
-2,93799993;2,23917317
-2,93699993;1,11958659
-2,93599993;-1,11958659
-2,93499993;-1,11958659
-2,93399993;-2,23917317
-2,93299993;-4,48142195
-2,93199993;-5,60100842
-2,93099993;-6,72059488
-2,92999993;-7,84018135
-2,92899993;-8,96284389
-2,92799993;-10,08243084
-2,92699993;-11,20201683
-2,92599993;-12,32467842
-2,92499993;-13,44426537
-2,92399993;-14,56385231
-2,92299993;-15,68343925
-2,92199993;-16,80610085
-2,92099993;-17,92568779
-2,91999993;-19,04527283
-2,91899993;-20,16793633
-2,91799993;-20,16793633
-2,91699993;-22,40711021
-2,91599993;-22,40711021
-2,91499993;-23,52669716
-2,91399993;-24,64935684
-2,91299993;-24,64935684
-2,91199993;-25,76894569
-2,91099993;-26,88853073
-2,90999993;-26,88853073
-2,90899993;-28,01119423
-2,90799993;-28,01119423
-2,90699993;-28,01119423
-2,90599993;-28,01119423
-2,90499993;-29,13078117
-2,90399993;-29,13078117
-2,90299993;-29,13078117
-2,90199993;-29,13078117
-2,90099993;-29,13078117
-2,89999993;-30,25036621
-2,89899993;-30,25036621
-2,89799993;-30,25036621
-2,89699993;-30,25036621
-2,89599993;-30,25036621
-2,89499993;-29,13078117
-2,89399993;-29,13078117
-2,89299993;-29,13078117
-2,89199993;-29,13078117
-2,89099993;-29,13078117
-2,88999993;-28,01119423
-2,88899993;-28,01119423
-2,88799993;-28,01119423
-2,88699993;-28,01119423
-2,88599993;-26,88853073
-2,88499993;-26,88853073
-2,88399993;-26,88853073
-2,88299993;-26,88853073
-2,88199993;-25,76894569
-2,88099993;-25,76894569
-2,87999993;-25,76894569
-2,87899993;-25,76894569
-2,87799993;-24,64935684
-2,87699993;-24,64935684
-2,87599993;-24,64935684
-2,87499993;-23,52669716
-2,87399993;-23,52669716
-2,87299993;-23,52669716
-2,87199993;-22,40711021
-2,87099993;-22,40711021
-2,86999993;-22,40711021
-2,86899993;-21,28752327
-2,86799993;-20,16793633
-2,86699993;-20,16793633
-2,86599993;-19,04527283
-2,86499993;-17,92568779
-2,86399993;-17,92568779
-2,86299993;-16,80610085
-2,86199993;-16,80610085
-2,86099993;-15,68343925
-2,85999993;-14,56385231
-2,85899993;-14,56385231
-2,85799993;-13,44426537
-2,85699993;-12,32467842
-2,85599993;-12,32467842
-2,85499993;-10,08243084
-2,85399993;-8,96284389
-2,85299993;-7,84018135
-2,85199993;-6,72059488
-2,85099993;-6,72059488
-2,84999993;-5,60100842
-2,84899993;-4,48142195
-2,84799993;-3,35875964
-2,84699993;-2,23917317
-2,84599993;-1,11958659
-2,84499993;0,00000000
-2,84399993;1,11958659
-2,84299993;2,23917317
-2,84199993;4,48142195
-2,84099993;4,48142195
-2,83999993;5,60100842
-2,83899993;7,84018135
-2,83799993;7,84018135
-2,83699993;8,96284389
-2,83599993;10,08243084
-2,83499993;11,20201683
-2,83399993;12,32467842
-2,83299993;13,44426537
-2,83199993;14,56385231
-2,83099993;15,68343925
-2,82999993;16,80610085
-2,82899993;17,92568779
-2,82799993;19,04527283
-2,82699993;20,16793633
-2,82599993;21,28752327
-2,82499993;21,28752327
-2,82399993;22,40711021
-2,82299993;23,52669716
-2,82199993;24,64935684
-2,82099993;24,64935684
-2,81999993;25,76894569
-2,81899993;25,76894569
-2,81799993;26,88853073
-2,81699993;26,88853073
-2,81599993;28,01119423
-2,81499993;29,13078117
-2,81399993;29,13078117
-2,81299993;30,25036621
-2,81199993;30,25036621
-2,81099993;30,25036621
-2,80999993;30,25036621
-2,80899993;31,36995316
-2,80799993;30,25036621
-2,80699993;30,25036621
-2,80599993;31,36995316
-2,80499993;30,25036621
-2,80399993;31,36995316
-2,80299993;31,36995316
-2,80199993;31,36995316
-2,80099993;30,25036621
-2,79999993;30,25036621
-2,79899993;30,25036621
-2,79799993;30,25036621
-2,79699993;30,25036621
-2,79599993;29,13078117
-2,79499993;29,13078117
-2,79399993;29,13078117
-2,79299993;29,13078117
-2,79199993;29,13078117
-2,79099993;28,01119423
-2,78999993;28,01119423
-2,78899993;26,88853073
-2,78799993;26,88853073
-2,78699993;25,76894569
-2,78599993;24,64935684
-2,78499993;24,64935684
-2,78399993;24,64935684
-2,78299993;23,52669716
-2,78199993;22,40711021
-2,78099993;22,40711021
-2,77999993;21,28752327
-2,77899993;20,16793633
-2,77799993;20,16793633
-2,77699993;19,04527283
-2,77599993;17,92568779
-2,77499993;16,80610085
-2,77399993;16,80610085
-2,77299993;15,68343925
-2,77199993;14,56385231
-2,77099993;13,44426537
-2,76999993;12,32467842
-2,76899993;12,32467842
-2,76799993;10,08243084
-2,76699993;10,08243084
-2,76599993;7,84018135
-2,76499993;7,84018135
-2,76399993;6,72059488
-2,76299993;5,60100842
-2,76199993;3,35875964
-2,76099993;2,23917317
-2,75999993;2,23917317
-2,75899993;1,11958659
-2,75799993;-1,11958659
-2,75699993;-2,23917317
-2,75599993;-3,35875964
-2,75499993;-4,48142195
-2,75399993;-5,60100842
-2,75299993;-6,72059488
-2,75199993;-7,84018135
-2,75099993;-8,96284389
-2,74999993;-10,08243084
-2,74899993;-11,20201683
-2,74799993;-12,32467842
-2,74699993;-13,44426537
-2,74599993;-14,56385231
-2,74499993;-15,68343925
-2,74399993;-16,80610085
-2,74299993;-17,92568779
-2,74199993;-19,04527283
-2,74099993;-20,16793633
-2,73999993;-21,28752327
-2,73899993;-22,40711021
-2,73799993;-22,40711021
-2,73699993;-23,52669716
-2,73599993;-24,64935684
-2,73499993;-24,64935684
-2,73399993;-25,76894569
-2,73299993;-26,88853073
-2,73199993;-26,88853073
-2,73099993;-28,01119423
-2,72999993;-28,01119423
-2,72899993;-28,01119423
-2,72799993;-29,13078117
-2,72699993;-29,13078117
-2,72599993;-29,13078117
-2,72499993;-29,13078117
-2,72399993;-29,13078117
-2,72299993;-29,13078117
-2,72199993;-30,25036621
-2,72099993;-29,13078117
-2,71999993;-29,13078117
-2,71899993;-29,13078117
-2,71799993;-29,13078117
-2,71699993;-29,13078117
-2,71599993;-29,13078117
-2,71499993;-29,13078117
-2,71399993;-29,13078117
-2,71299993;-29,13078117
-2,71199993;-28,01119423
-2,71099993;-28,01119423
-2,70999993;-28,01119423
-2,70899993;-26,88853073
-2,70799993;-28,01119423
-2,70699993;-26,88853073
-2,70599993;-26,88853073
-2,70499993;-26,88853073
-2,70399993;-26,88853073
-2,70299993;-25,76894569
-2,70199993;-25,76894569
-2,70099993;-24,64935684
-2,69999993;-24,64935684
-2,69899993;-24,64935684
-2,69799993;-24,64935684
-2,69699993;-23,52669716
-2,69599993;-24,64935684
-2,69499993;-24,64935684
-2,69399993;-23,52669716
-2,69299993;-22,40711021
-2,69199993;-21,28752327
-2,69099993;-21,28752327
-2,68999993;-20,16793633
-2,68899993;-19,04527283
-2,68799993;-17,92568779
-2,68699993;-17,92568779
-2,68599993;-17,92568779
-2,68499993;-16,80610085
-2,68399993;-15,68343925
-2,68299993;-15,68343925
-2,68199993;-15,68343925
-2,68099993;-14,56385231
-2,67999993;-13,44426537
-2,67899993;-12,32467842
-2,67799993;-11,20201683
-2,67699993;-10,08243084
-2,67599993;-8,96284389
-2,67499993;-7,84018135
-2,67399993;-6,72059488
-2,67299993;-5,60100842
-2,67199993;-5,60100842
-2,67099993;-4,48142195
-2,66999993;-3,35875964
-2,66899993;-2,23917317
-2,66799993;0,00000000
-2,66699993;0,00000000
-2,66599993;1,11958659
-2,66499993;3,35875964
-2,66399993;4,48142195
-2,66299993;5,60100842
-2,66199993;6,72059488
-2,66099993;7,84018135
-2,65999993;7,84018135
-2,65899993;10,08243084
-2,65799993;11,20201683
-2,65699993;12,32467842
-2,65599993;13,44426537
-2,65499993;13,44426537
-2,65399993;14,56385231
-2,65299993;16,80610085
-2,65199993;16,80610085
-2,65099993;17,92568779
-2,64999993;19,04527283
-2,64899993;20,16793633
-2,64799993;21,28752327
-2,64699993;22,40711021
-2,64599993;22,40711021
-2,64499993;23,52669716
-2,64399993;24,64935684
-2,64299993;24,64935684
-2,64199993;25,76894569
-2,64099993;26,88853073
-2,63999993;26,88853073
-2,63899993;28,01119423
-2,63799993;29,13078117
-2,63699993;29,13078117
-2,63599993;29,13078117
-2,63499993;29,13078117
-2,63399993;30,25036621
-2,63299993;30,25036621
-2,63199993;30,25036621
-2,63099993;30,25036621
-2,62999993;31,36995316
-2,62899993;31,36995316
-2,62799993;30,25036621
-2,62699993;30,25036621
-2,62599993;31,36995316
-2,62499993;31,36995316
-2,62399993;31,36995316
-2,62299993;30,25036621
-2,62199993;31,36995316
-2,62099993;30,25036621
-2,61999994;30,25036621
-2,61899994;30,25036621
-2,61799994;29,13078117
-2,61699994;29,13078117
-2,61599994;29,13078117
-2,61499994;29,13078117
-2,61399994;29,13078117
-2,61299994;28,01119423
-2,61199994;28,01119423
-2,61099994;26,88853073
-2,60999994;26,88853073
-2,60899994;25,76894569
-2,60799994;25,76894569
-2,60699994;24,64935684
-2,60599994;24,64935684
-2,60499994;23,52669716
-2,60399994;22,40711021
-2,60299994;21,28752327
-2,60199994;21,28752327
-2,60099994;20,16793633
-2,59999994;19,04527283
-2,59899994;19,04527283
-2,59799994;17,92568779
-2,59699994;16,80610085
-2,59599994;16,80610085
-2,59499994;15,68343925
-2,59399994;14,56385231
-2,59299994;13,44426537
-2,59199994;12,32467842
-2,59099994;11,20201683
-2,58999994;10,08243084
-2,58899994;10,08243084
-2,58799994;7,84018135
-2,58699994;6,72059488
-2,58599994;5,60100842
-2,58499994;5,60100842
-2,58399994;4,48142195
-2,58299994;2,23917317
-2,58199994;1,11958659
-2,58099994;0,00000000
-2,57999994;-1,11958659
-2,57899994;-2,23917317
-2,57799994;-3,35875964
-2,57699994;-4,48142195
-2,57599994;-5,60100842
-2,57499994;-6,72059488
-2,57399994;-7,84018135
-2,57299994;-8,96284389
-2,57199994;-10,08243084
-2,57099994;-11,20201683
-2,56999994;-12,32467842
-2,56899994;-13,44426537
-2,56799994;-14,56385231
-2,56699994;-15,68343925
-2,56599994;-16,80610085
-2,56499994;-17,92568779
-2,56399994;-19,04527283
-2,56299994;-20,16793633
-2,56199994;-21,28752327
-2,56099994;-22,40711021
-2,55999994;-23,52669716
-2,55899994;-24,64935684
-2,55799994;-24,64935684
-2,55699994;-25,76894569
-2,55599994;-26,88853073
-2,55499994;-26,88853073
-2,55399994;-26,88853073
-2,55299994;-28,01119423
-2,55199994;-28,01119423
-2,55099994;-28,01119423
-2,54999994;-29,13078117
-2,54899994;-29,13078117
-2,54799994;-29,13078117
-2,54699994;-29,13078117
-2,54599994;-29,13078117
-2,54499994;-29,13078117
-2,54399994;-30,25036621
-2,54299994;-29,13078117
-2,54199994;-30,25036621
-2,54099994;-30,25036621
-2,53999994;-29,13078117
-2,53899994;-29,13078117
-2,53799994;-29,13078117
-2,53699994;-29,13078117
-2,53599994;-29,13078117
-2,53499994;-28,01119423
-2,53399994;-28,01119423
-2,53299994;-28,01119423
-2,53199994;-28,01119423
-2,53099994;-28,01119423
-2,52999994;-26,88853073
-2,52899994;-26,88853073
-2,52799994;-26,88853073
-2,52699994;-25,76894569
-2,52599994;-25,76894569
-2,52499994;-25,76894569
-2,52399994;-25,76894569
-2,52299994;-25,76894569
-2,52199994;-25,76894569
-2,52099994;-24,64935684
-2,51999994;-24,64935684
-2,51899994;-23,52669716
-2,51799994;-23,52669716
-2,51699994;-23,52669716
-2,51599994;-22,40711021
-2,51499994;-22,40711021
-2,51399994;-21,28752327
-2,51299994;-21,28752327
-2,51199994;-20,16793633
-2,51099994;-20,16793633
-2,50999994;-19,04527283
-2,50899994;-17,92568779
-2,50799994;-17,92568779
-2,50699994;-16,80610085
-2,50599994;-15,68343925
-2,50499994;-14,56385231
-2,50399994;-14,56385231
-2,50299994;-13,44426537
-2,50199994;-12,32467842
-2,50099994;-12,32467842
-2,49999994;-11,20201683
-2,49899994;-10,08243084
-2,49799994;-8,96284389
-2,49699994;-7,84018135
-2,49599994;-6,72059488
-2,49499994;-6,72059488
-2,49399994;-4,48142195
-2,49299994;-3,35875964
-2,49199994;-3,35875964
-2,49099994;-1,11958659
-2,48999994;0,00000000
-2,48899994;0,00000000
-2,48799994;2,23917317
-2,48699994;3,35875964
-2,48599994;4,48142195
-2,48499994;5,60100842
-2,48399994;6,72059488
-2,48299994;7,84018135
-2,48199994;8,96284389
-2,48099994;10,08243084
-2,47999994;11,20201683
-2,47899994;12,32467842
-2,47799994;13,44426537
-2,47699994;14,56385231
-2,47599994;15,68343925
-2,47499994;16,80610085
-2,47399994;17,92568779
-2,47299994;17,92568779
-2,47199994;20,16793633
-2,47099994;20,16793633
-2,46999994;21,28752327
-2,46899994;22,40711021
-2,46799994;22,40711021
-2,46699994;23,52669716
-2,46599994;24,64935684
-2,46499994;24,64935684
-2,46399994;25,76894569
-2,46299994;26,88853073
-2,46199994;26,88853073
-2,46099994;28,01119423
-2,45999994;28,01119423
-2,45899994;29,13078117
-2,45799994;29,13078117
-2,45699994;29,13078117
-2,45599994;30,25036621
-2,45499994;30,25036621
-2,45399994;30,25036621
-2,45299994;30,25036621
-2,45199994;30,25036621
-2,45099994;30,25036621
-2,44999994;31,36995316
-2,44899994;30,25036621
-2,44799994;31,36995316
-2,44699994;31,36995316
-2,44599994;31,36995316
-2,44499994;30,25036621
-2,44399994;30,25036621
-2,44299994;30,25036621
-2,44199994;30,25036621
-2,44099994;30,25036621
-2,43999994;30,25036621
-2,43899994;29,13078117
-2,43799994;29,13078117
-2,43699994;29,13078117
-2,43599994;28,01119423
-2,43499994;28,01119423
-2,43399994;26,88853073
-2,43299994;26,88853073
-2,43199994;26,88853073
-2,43099994;25,76894569
-2,42999994;25,76894569
-2,42899994;24,64935684
-2,42799994;24,64935684
-2,42699994;23,52669716
-2,42599994;22,40711021
-2,42499994;21,28752327
-2,42399994;21,28752327
-2,42299994;20,16793633
-2,42199994;20,16793633
-2,42099994;19,04527283
-2,41999994;17,92568779
-2,41899994;16,80610085
-2,41799994;16,80610085
-2,41699994;15,68343925
-2,41599994;14,56385231
-2,41499994;13,44426537
-2,41399994;12,32467842
-2,41299994;11,20201683
-2,41199994;10,08243084
-2,41099994;8,96284389
-2,40999994;7,84018135
-2,40899994;6,72059488
-2,40799994;5,60100842
-2,40699994;4,48142195
-2,40599994;3,35875964
-2,40499994;2,23917317
-2,40399994;1,11958659
-2,40299994;0,00000000
-2,40199994;-1,11958659
-2,40099994;-2,23917317
-2,39999994;-3,35875964
-2,39899994;-4,48142195
-2,39799994;-5,60100842
-2,39699994;-6,72059488
-2,39599994;-7,84018135
-2,39499994;-8,96284389
-2,39399994;-10,08243084
-2,39299994;-11,20201683
-2,39199994;-12,32467842
-2,39099994;-13,44426537
-2,38999994;-14,56385231
-2,38899994;-15,68343925
-2,38799994;-16,80610085
-2,38699994;-17,92568779
-2,38599994;-19,04527283
-2,38499994;-20,16793633
-2,38399994;-21,28752327
-2,38299994;-22,40711021
-2,38199994;-23,52669716
-2,38099994;-24,64935684
-2,37999994;-25,76894569
-2,37899994;-25,76894569
-2,37799994;-25,76894569
-2,37699994;-26,88853073
-2,37599994;-26,88853073
-2,37499994;-28,01119423
-2,37399994;-28,01119423
-2,37299994;-28,01119423
-2,37199994;-29,13078117
-2,37099994;-29,13078117
-2,36999994;-29,13078117
-2,36899994;-29,13078117
-2,36799994;-29,13078117
-2,36699994;-29,13078117
-2,36599994;-29,13078117
-2,36499994;-29,13078117
-2,36399994;-30,25036621
-2,36299994;-30,25036621
-2,36199994;-29,13078117
-2,36099994;-29,13078117
-2,35999994;-29,13078117
-2,35899994;-29,13078117
-2,35799994;-29,13078117
-2,35699994;-28,01119423
-2,35599994;-28,01119423
-2,35499994;-28,01119423
-2,35399994;-28,01119423
-2,35299994;-28,01119423
-2,35199994;-28,01119423
-2,35099994;-28,01119423
-2,34999994;-26,88853073
-2,34899994;-26,88853073
-2,34799994;-25,76894569
-2,34699994;-25,76894569
-2,34599994;-25,76894569
-2,34499994;-24,64935684
-2,34399994;-24,64935684
-2,34299994;-24,64935684
-2,34199994;-24,64935684
-2,34099994;-24,64935684
-2,33999994;-23,52669716
-2,33899994;-23,52669716
-2,33799994;-23,52669716
-2,33699994;-22,40711021
-2,33599994;-21,28752327
-2,33499994;-20,16793633
-2,33399994;-20,16793633
-2,33299994;-19,04527283
-2,33199994;-19,04527283
-2,33099994;-17,92568779
-2,32999994;-17,92568779
-2,32899994;-16,80610085
-2,32799994;-15,68343925
-2,32699994;-14,56385231
-2,32599994;-14,56385231
-2,32499994;-13,44426537
-2,32399994;-13,44426537
-2,32299994;-12,32467842
-2,32199994;-11,20201683
-2,32099994;-10,08243084
-2,31999994;-8,96284389
-2,31899994;-7,84018135
-2,31799994;-6,72059488
-2,31699994;-5,60100842
-2,31599994;-4,48142195
-2,31499994;-3,35875964
-2,31399994;-2,23917317
-2,31299994;-1,11958659
-2,31199994;0,00000000
-2,31099994;1,11958659
-2,30999994;2,23917317
-2,30899994;3,35875964
-2,30799994;3,35875964
-2,30699994;5,60100842
-2,30599994;6,72059488
-2,30499994;7,84018135
-2,30399994;8,96284389
-2,30299994;10,08243084
-2,30199994;11,20201683
-2,30099994;12,32467842
-2,29999994;13,44426537
-2,29899994;14,56385231
-2,29799994;15,68343925
-2,29699994;16,80610085
-2,29599994;17,92568779
-2,29499994;19,04527283
-2,29399994;20,16793633
-2,29299994;20,16793633
-2,29199994;21,28752327
-2,29099994;21,28752327
-2,28999994;22,40711021
-2,28899994;23,52669716
-2,28799994;24,64935684
-2,28699994;25,76894569
-2,28599994;25,76894569
-2,28499994;26,88853073
-2,28399994;28,01119423
-2,28299994;28,01119423
-2,28199994;28,01119423
-2,28099994;29,13078117
-2,27999994;29,13078117
-2,27899994;30,25036621
-2,27799994;30,25036621
-2,27699994;30,25036621
-2,27599994;31,36995316
-2,27499994;30,25036621
-2,27399994;30,25036621
-2,27299994;31,36995316
-2,27199994;31,36995316
-2,27099994;31,36995316
-2,26999994;31,36995316
-2,26899994;31,36995316
-2,26799994;30,25036621
-2,26699994;31,36995316
-2,26599995;30,25036621
-2,26499995;30,25036621
-2,26399995;30,25036621
-2,26299995;30,25036621
-2,26199995;30,25036621
-2,26099995;29,13078117
-2,25999995;29,13078117
-2,25899995;29,13078117
-2,25799995;28,01119423
-2,25699995;28,01119423
-2,25599995;28,01119423
-2,25499995;26,88853073
-2,25399995;25,76894569
-2,25299995;25,76894569
-2,25199995;25,76894569
-2,25099995;24,64935684
-2,24999995;23,52669716
-2,24899995;23,52669716
-2,24799995;22,40711021
-2,24699995;21,28752327
-2,24599995;21,28752327
-2,24499995;20,16793633
-2,24399995;19,04527283
-2,24299995;19,04527283
-2,24199995;17,92568779
-2,24099995;16,80610085
-2,23999995;15,68343925
-2,23899995;14,56385231
-2,23799995;13,44426537
-2,23699995;13,44426537
-2,23599995;12,32467842
-2,23499995;11,20201683
-2,23399995;10,08243084
-2,23299995;8,96284389
-2,23199995;7,84018135
-2,23099995;6,72059488
-2,22999995;5,60100842
-2,22899995;4,48142195
-2,22799995;3,35875964
-2,22699995;2,23917317
-2,22599995;1,11958659
-2,22499995;0,00000000
-2,22399995;-1,11958659
-2,22299995;-2,23917317
-2,22199995;-3,35875964
-2,22099995;-4,48142195
-2,21999995;-5,60100842
-2,21899995;-6,72059488
-2,21799995;-7,84018135
-2,21699995;-8,96284389
-2,21599995;-10,08243084
-2,21499995;-11,20201683
-2,21399995;-12,32467842
-2,21299995;-14,56385231
-2,21199995;-15,68343925
-2,21099995;-16,80610085
-2,20999995;-17,92568779
-2,20899995;-17,92568779
-2,20799995;-19,04527283
-2,20699995;-20,16793633
-2,20599995;-21,28752327
-2,20499995;-22,40711021
-2,20399995;-23,52669716
-2,20299995;-24,64935684
-2,20199995;-24,64935684
-2,20099995;-25,76894569
-2,19999995;-26,88853073
-2,19899995;-26,88853073
-2,19799995;-26,88853073
-2,19699995;-28,01119423
-2,19599995;-28,01119423
-2,19499995;-28,01119423
-2,19399995;-29,13078117
-2,19299995;-29,13078117
-2,19199995;-29,13078117
-2,19099995;-29,13078117
-2,18999995;-29,13078117
-2,18899995;-29,13078117
-2,18799995;-30,25036621
-2,18699995;-30,25036621
-2,18599995;-30,25036621
-2,18499995;-29,13078117
-2,18399995;-29,13078117
-2,18299995;-29,13078117
-2,18199995;-29,13078117
-2,18099995;-29,13078117
-2,17999995;-29,13078117
-2,17899995;-28,01119423
-2,17799995;-28,01119423
-2,17699995;-28,01119423
-2,17599995;-28,01119423
-2,17499995;-26,88853073
-2,17399995;-26,88853073
-2,17299995;-26,88853073
-2,17199995;-26,88853073
-2,17099995;-26,88853073
-2,16999995;-25,76894569
-2,16899995;-24,64935684
-2,16799995;-24,64935684
-2,16699995;-24,64935684
-2,16599995;-24,64935684
-2,16499995;-24,64935684
-2,16399995;-24,64935684
-2,16299995;-23,52669716
-2,16199995;-23,52669716
-2,16099995;-23,52669716
-2,15999995;-22,40711021
-2,15899995;-21,28752327
-2,15799995;-21,28752327
-2,15699995;-20,16793633
-2,15599995;-20,16793633
-2,15499995;-19,04527283
-2,15399995;-19,04527283
-2,15299995;-17,92568779
-2,15199995;-16,80610085
-2,15099995;-15,68343925
-2,14999995;-15,68343925
-2,14899995;-14,56385231
-2,14799995;-13,44426537
-2,14699995;-13,44426537
-2,14599995;-12,32467842
-2,14499995;-12,32467842
-2,14399995;-11,20201683
-2,14299995;-10,08243084
-2,14199995;-8,96284389
-2,14099995;-7,84018135
-2,13999995;-6,72059488
-2,13899995;-5,60100842
-2,13799995;-4,48142195
-2,13699995;-3,35875964
-2,13599995;-2,23917317
-2,13499995;-1,11958659
-2,13399995;0,00000000
-2,13299995;1,11958659
-2,13199995;2,23917317
-2,13099995;3,35875964
-2,12999995;4,48142195
-2,12899995;5,60100842
-2,12799995;6,72059488
-2,12699995;7,84018135
-2,12599995;8,96284389
-2,12499995;10,08243084
-2,12399995;11,20201683
-2,12299995;12,32467842
-2,12199995;13,44426537
-2,12099995;14,56385231
-2,11999995;15,68343925
-2,11899995;16,80610085
-2,11799995;17,92568779
-2,11699995;19,04527283
-2,11599995;20,16793633
-2,11499995;20,16793633
-2,11399995;21,28752327
-2,11299995;22,40711021
-2,11199995;23,52669716
-2,11099995;23,52669716
-2,10999995;24,64935684
-2,10899995;25,76894569
-2,10799995;26,88853073
-2,10699995;26,88853073
-2,10599995;28,01119423
-2,10499995;29,13078117
-2,10399995;29,13078117
-2,10299995;29,13078117
-2,10199995;30,25036621
-2,10099995;30,25036621
-2,09999995;30,25036621
-2,09899995;30,25036621
-2,09799995;30,25036621
-2,09699995;30,25036621
-2,09599995;31,36995316
-2,09499995;31,36995316
-2,09399995;31,36995316
-2,09299995;31,36995316
-2,09199995;31,36995316
-2,09099995;31,36995316
-2,08999995;31,36995316
-2,08899995;31,36995316
-2,08799995;30,25036621
-2,08699995;30,25036621
-2,08599995;30,25036621
-2,08499995;30,25036621
-2,08399995;29,13078117
-2,08299995;29,13078117
-2,08199995;29,13078117
-2,08099995;29,13078117
-2,07999995;28,01119423
-2,07899995;28,01119423
-2,07799995;28,01119423
-2,07699995;26,88853073
-2,07599995;26,88853073
-2,07499995;25,76894569
-2,07399995;24,64935684
-2,07299995;24,64935684
-2,07199995;23,52669716
-2,07099995;22,40711021
-2,06999995;22,40711021
-2,06899995;21,28752327
-2,06799995;20,16793633
-2,06699995;20,16793633
-2,06599995;19,04527283
-2,06499995;19,04527283
-2,06399995;17,92568779
-2,06299995;16,80610085
-2,06199995;15,68343925
-2,06099995;14,56385231
-2,05999995;13,44426537
-2,05899995;13,44426537
-2,05799995;12,32467842
-2,05699995;11,20201683
-2,05599995;10,08243084
-2,05499995;8,96284389
-2,05399995;7,84018135
-2,05299995;6,72059488
-2,05199995;5,60100842
-2,05099995;4,48142195
-2,04999995;3,35875964
-2,04899995;2,23917317
-2,04799995;1,11958659
-2,04699995;0,00000000
-2,04599995;-1,11958659
-2,04499995;-2,23917317
-2,04399995;-3,35875964
-2,04299995;-4,48142195
-2,04199995;-5,60100842
-2,04099995;-7,84018135
-2,03999995;-7,84018135
-2,03899995;-8,96284389
-2,03799995;-11,20201683
-2,03699995;-11,20201683
-2,03599995;-12,32467842
-2,03499995;-14,56385231
-2,03399995;-15,68343925
-2,03299995;-16,80610085
-2,03199995;-16,80610085
-2,03099995;-17,92568779
-2,02999995;-19,04527283
-2,02899995;-20,16793633
-2,02799995;-21,28752327
-2,02699995;-22,40711021
-2,02599995;-23,52669716
-2,02499995;-23,52669716
-2,02399995;-24,64935684
-2,02299995;-25,76894569
-2,02199995;-25,76894569
-2,02099995;-26,88853073
-2,01999995;-26,88853073
-2,01899995;-28,01119423
-2,01799995;-28,01119423
-2,01699995;-28,01119423
-2,01599995;-28,01119423
-2,01499995;-29,13078117
-2,01399995;-29,13078117
-2,01299995;-29,13078117
-2,01199995;-29,13078117
-2,01099995;-29,13078117
-2,00999995;-29,13078117
-2,00899995;-29,13078117
-2,00799995;-30,25036621
-2,00699995;-29,13078117
-2,00599995;-29,13078117
-2,00499995;-29,13078117
-2,00399995;-29,13078117
-2,00299995;-29,13078117
-2,00199995;-29,13078117
-2,00099995;-28,01119423
-1,99999995;-28,01119423
-1,99899995;-28,01119423
-1,99799995;-28,01119423
-1,99699995;-28,01119423
-1,99599995;-26,88853073
-1,99499995;-26,88853073
-1,99399995;-25,76894569
-1,99299995;-25,76894569
-1,99199995;-25,76894569
-1,99099995;-25,76894569
-1,98999995;-24,64935684
-1,98899995;-24,64935684
-1,98799995;-24,64935684
-1,98699995;-24,64935684
-1,98599995;-24,64935684
-1,98499995;-23,52669716
-1,98399995;-23,52669716
-1,98299995;-23,52669716
-1,98199995;-22,40711021
-1,98099995;-22,40711021
-1,97999995;-21,28752327
-1,97899995;-20,16793633
-1,97799995;-20,16793633
-1,97699995;-19,04527283
-1,97599995;-17,92568779
-1,97499995;-17,92568779
-1,97399995;-16,80610085
-1,97299995;-15,68343925
-1,97199995;-15,68343925
-1,97099995;-14,56385231
-1,96999995;-14,56385231
-1,96899995;-13,44426537
-1,96799995;-13,44426537
-1,96699995;-12,32467842
-1,96599995;-10,08243084
-1,96499995;-8,96284389
-1,96399995;-8,96284389
-1,96299995;-7,84018135
-1,96199995;-6,72059488
-1,96099995;-5,60100842
-1,95999995;-4,48142195
-1,95899995;-3,35875964
-1,95799995;-2,23917317
-1,95699995;-1,11958659
-1,95599995;0,00000000
-1,95499995;1,11958659
-1,95399995;2,23917317
-1,95299995;4,48142195
-1,95199995;4,48142195
-1,95099995;5,60100842
-1,94999995;6,72059488
-1,94899995;7,84018135
-1,94799995;10,08243084
-1,94699995;10,08243084
-1,94599995;11,20201683
-1,94499995;12,32467842
-1,94399995;13,44426537
-1,94299995;14,56385231
-1,94199995;15,68343925
-1,94099995;16,80610085
-1,93999995;17,92568779
-1,93899995;19,04527283
-1,93799995;20,16793633
-1,93699995;20,16793633
-1,93599995;21,28752327
-1,93499995;22,40711021
-1,93399995;23,52669716
-1,93299995;24,64935684
-1,93199995;25,76894569
-1,93099995;25,76894569
-1,92999995;26,88853073
-1,92899995;26,88853073
-1,92799995;28,01119423
-1,92699995;29,13078117
-1,92599995;29,13078117
-1,92499995;29,13078117
-1,92399995;29,13078117
-1,92299995;30,25036621
-1,92199995;30,25036621
-1,92099995;30,25036621
-1,91999995;30,25036621
-1,91899995;31,36995316
-1,91799995;31,36995316
-1,91699995;30,25036621
-1,91599995;30,25036621
-1,91499995;31,36995316
-1,91399995;31,36995316
-1,91299996;31,36995316
-1,91199996;30,25036621
-1,91099996;30,25036621
-1,90999996;30,25036621
-1,90899996;30,25036621
-1,90799996;30,25036621
-1,90699996;29,13078117
-1,90599996;30,25036621
-1,90499996;29,13078117
-1,90399996;29,13078117
-1,90299996;29,13078117
-1,90199996;28,01119423
-1,90099996;28,01119423
-1,89999996;28,01119423
-1,89899996;26,88853073
-1,89799996;26,88853073
-1,89699996;25,76894569
-1,89599996;24,64935684
-1,89499996;24,64935684
-1,89399996;23,52669716
-1,89299996;23,52669716
-1,89199996;22,40711021
-1,89099996;21,28752327
-1,88999996;21,28752327
-1,88899996;20,16793633
-1,88799996;19,04527283
-1,88699996;19,04527283
-1,88599996;17,92568779
-1,88499996;16,80610085
-1,88399996;15,68343925
-1,88299996;14,56385231
-1,88199996;14,56385231
-1,88099996;13,44426537
-1,87999996;12,32467842
-1,87899996;11,20201683
-1,87799996;10,08243084
-1,87699996;8,96284389
-1,87599996;7,84018135
-1,87499996;6,72059488
-1,87399996;5,60100842
-1,87299996;4,48142195
-1,87199996;3,35875964
-1,87099996;2,23917317
-1,86999996;1,11958659
-1,86899996;0,00000000
-1,86799996;-1,11958659
-1,86699996;-3,35875964
-1,86599996;-4,48142195
-1,86499996;-4,48142195
-1,86399996;-5,60100842
-1,86299996;-6,72059488
-1,86199996;-7,84018135
-1,86099996;-10,08243084
-1,85999996;-11,20201683
-1,85899996;-12,32467842
-1,85799996;-13,44426537
-1,85699996;-14,56385231
-1,85599996;-15,68343925
-1,85499996;-16,80610085
-1,85399996;-17,92568779
-1,85299996;-19,04527283
-1,85199996;-20,16793633
-1,85099996;-21,28752327
-1,84999996;-21,28752327
-1,84899996;-22,40711021
-1,84799996;-23,52669716
-1,84699996;-24,64935684
-1,84599996;-24,64935684
-1,84499996;-25,76894569
-1,84399996;-26,88853073
-1,84299996;-26,88853073
-1,84199996;-26,88853073
-1,84099996;-28,01119423
-1,83999996;-28,01119423
-1,83899996;-29,13078117
-1,83799996;-29,13078117
-1,83699996;-29,13078117
-1,83599996;-29,13078117
-1,83499996;-29,13078117
-1,83399996;-30,25036621
-1,83299996;-29,13078117
-1,83199996;-29,13078117
-1,83099996;-29,13078117
-1,82999996;-30,25036621
-1,82899996;-29,13078117
-1,82799996;-29,13078117
-1,82699996;-29,13078117
-1,82599996;-29,13078117
-1,82499996;-29,13078117
-1,82399996;-29,13078117
-1,82299996;-28,01119423
-1,82199996;-28,01119423
-1,82099996;-28,01119423
-1,81999996;-28,01119423
-1,81899996;-26,88853073
-1,81799996;-26,88853073
-1,81699996;-26,88853073
-1,81599996;-25,76894569
-1,81499996;-25,76894569
-1,81399996;-25,76894569
-1,81299996;-25,76894569
-1,81199996;-25,76894569
-1,81099996;-24,64935684
-1,80999996;-24,64935684
-1,80899996;-24,64935684
-1,80799996;-24,64935684
-1,80699996;-23,52669716
-1,80599996;-23,52669716
-1,80499996;-23,52669716
-1,80399996;-22,40711021
-1,80299996;-21,28752327
-1,80199996;-21,28752327
-1,80099996;-20,16793633
-1,79999996;-19,04527283
-1,79899996;-19,04527283
-1,79799996;-17,92568779
-1,79699996;-17,92568779
-1,79599996;-16,80610085
-1,79499996;-15,68343925
-1,79399996;-15,68343925
-1,79299996;-14,56385231
-1,79199996;-14,56385231
-1,79099996;-13,44426537
-1,78999996;-12,32467842
-1,78899996;-11,20201683
-1,78799996;-10,08243084
-1,78699996;-8,96284389
-1,78599996;-7,84018135
-1,78499996;-6,72059488
-1,78399996;-6,72059488
-1,78299996;-5,60100842
-1,78199996;-4,48142195
-1,78099996;-3,35875964
-1,77999996;-2,23917317
-1,77899996;-1,11958659
-1,77799996;0,00000000
-1,77699996;1,11958659
-1,77599996;2,23917317
-1,77499996;3,35875964
-1,77399996;4,48142195
-1,77299996;5,60100842
-1,77199996;7,84018135
-1,77099996;7,84018135
-1,76999996;8,96284389
-1,76899996;11,20201683
-1,76799996;11,20201683
-1,76699996;13,44426537
-1,76599996;14,56385231
-1,76499996;14,56385231
-1,76399996;15,68343925
-1,76299996;16,80610085
-1,76199996;17,92568779
-1,76099996;19,04527283
-1,75999996;20,16793633
-1,75899996;21,28752327
-1,75799996;21,28752327
-1,75699996;22,40711021
-1,75599996;23,52669716
-1,75499996;24,64935684
-1,75399996;24,64935684
-1,75299996;25,76894569
-1,75199996;26,88853073
-1,75099996;26,88853073
-1,74999996;28,01119423
-1,74899996;28,01119423
-1,74799996;29,13078117
-1,74699996;29,13078117
-1,74599996;30,25036621
-1,74499996;30,25036621
-1,74399996;30,25036621
-1,74299996;30,25036621
-1,74199996;31,36995316
-1,74099996;31,36995316
-1,73999996;31,36995316
-1,73899996;31,36995316
-1,73799996;31,36995316
-1,73699996;31,36995316
-1,73599996;31,36995316
-1,73499996;31,36995316
-1,73399996;31,36995316
-1,73299996;31,36995316
-1,73199996;30,25036621
-1,73099996;30,25036621
-1,72999996;30,25036621
-1,72899996;30,25036621
-1,72799996;30,25036621
-1,72699996;30,25036621
-1,72599996;29,13078117
-1,72499996;29,13078117
-1,72399996;28,01119423
-1,72299996;28,01119423
-1,72199996;28,01119423
-1,72099996;26,88853073
-1,71999996;25,76894569
-1,71899996;25,76894569
-1,71799996;24,64935684
-1,71699996;24,64935684
-1,71599996;23,52669716
-1,71499996;22,40711021
-1,71399996;22,40711021
-1,71299996;21,28752327
-1,71199996;21,28752327
-1,71099996;20,16793633
-1,70999996;19,04527283
-1,70899996;17,92568779
-1,70799996;16,80610085
-1,70699996;16,80610085
-1,70599996;15,68343925
-1,70499996;14,56385231
-1,70399996;13,44426537
-1,70299996;12,32467842
-1,70199996;12,32467842
-1,70099996;11,20201683
-1,69999996;10,08243084
-1,69899996;8,96284389
-1,69799996;7,84018135
-1,69699996;6,72059488
-1,69599996;5,60100842
-1,69499996;4,48142195
-1,69399996;3,35875964
-1,69299996;2,23917317
-1,69199996;0,00000000
-1,69099996;0,00000000
-1,68999996;-1,11958659
-1,68899996;-2,23917317
-1,68799996;-4,48142195
-1,68699996;-5,60100842
-1,68599996;-6,72059488
-1,68499996;-7,84018135
-1,68399996;-8,96284389
-1,68299996;-10,08243084
-1,68199996;-11,20201683
-1,68099996;-12,32467842
-1,67999996;-13,44426537
-1,67899996;-14,56385231
-1,67799996;-15,68343925
-1,67699996;-16,80610085
-1,67599996;-17,92568779
-1,67499996;-19,04527283
-1,67399996;-19,04527283
-1,67299996;-21,28752327
-1,67199996;-21,28752327
-1,67099996;-22,40711021
-1,66999996;-23,52669716
-1,66899996;-24,64935684
-1,66799996;-25,76894569
-1,66699996;-25,76894569
-1,66599996;-25,76894569
-1,66499996;-26,88853073
-1,66399996;-26,88853073
-1,66299996;-28,01119423
-1,66199996;-28,01119423
-1,66099996;-28,01119423
-1,65999996;-28,01119423
-1,65899996;-29,13078117
-1,65799996;-29,13078117
-1,65699996;-29,13078117
-1,65599996;-29,13078117
-1,65499996;-29,13078117
-1,65399996;-29,13078117
-1,65299996;-29,13078117
-1,65199996;-29,13078117
-1,65099996;-29,13078117
-1,64999996;-29,13078117
-1,64899996;-29,13078117
-1,64799996;-29,13078117
-1,64699996;-29,13078117
-1,64599996;-28,01119423
-1,64499996;-28,01119423
-1,64399996;-28,01119423
-1,64299996;-28,01119423
-1,64199996;-28,01119423
-1,64099996;-26,88853073
-1,63999996;-26,88853073
-1,63899996;-26,88853073
-1,63799996;-25,76894569
-1,63699996;-25,76894569
-1,63599996;-25,76894569
-1,63499996;-25,76894569
-1,63399996;-25,76894569
-1,63299996;-24,64935684
-1,63199996;-24,64935684
-1,63099996;-24,64935684
-1,62999996;-23,52669716
-1,62899996;-23,52669716
-1,62799996;-23,52669716
-1,62699996;-23,52669716
-1,62599996;-22,40711021
-1,62499996;-21,28752327
-1,62399996;-21,28752327
-1,62299996;-20,16793633
-1,62199996;-20,16793633
-1,62099996;-19,04527283
-1,61999996;-19,04527283
-1,61899996;-17,92568779
-1,61799996;-16,80610085
-1,61699996;-15,68343925
-1,61599996;-15,68343925
-1,61499996;-14,56385231
-1,61399996;-13,44426537
-1,61299996;-13,44426537
-1,61199996;-12,32467842
-1,61099996;-11,20201683
-1,60999996;-10,08243084
-1,60899996;-8,96284389
-1,60799996;-8,96284389
-1,60699996;-7,84018135
-1,60599996;-5,60100842
-1,60499996;-5,60100842
-1,60399996;-4,48142195
-1,60299996;-2,23917317
-1,60199996;-2,23917317
-1,60099996;0,00000000
-1,59999996;1,11958659
-1,59899996;2,23917317
-1,59799996;3,35875964
-1,59699996;3,35875964
-1,59599996;5,60100842
-1,59499996;6,72059488
-1,59399996;7,84018135
-1,59299996;8,96284389
-1,59199996;10,08243084
-1,59099996;11,20201683
-1,58999996;12,32467842
-1,58899996;13,44426537
-1,58799996;13,44426537
-1,58699996;14,56385231
-1,58599996;16,80610085
-1,58499996;16,80610085
-1,58399996;19,04527283
-1,58299996;20,16793633
-1,58199996;20,16793633
-1,58099996;21,28752327
-1,57999996;21,28752327
-1,57899996;22,40711021
-1,57799996;23,52669716
-1,57699996;24,64935684
-1,57599996;25,76894569
-1,57499996;25,76894569
-1,57399996;26,88853073
-1,57299996;28,01119423
-1,57199996;28,01119423
-1,57099996;28,01119423
-1,56999996;29,13078117
-1,56899996;29,13078117
-1,56799996;30,25036621
-1,56699996;30,25036621
-1,56599996;30,25036621
-1,56499996;30,25036621
-1,56399996;30,25036621
-1,56299996;31,36995316
-1,56199996;31,36995316
-1,56099996;31,36995316
-1,55999996;30,25036621
-1,55899997;31,36995316
-1,55799997;31,36995316
-1,55699997;31,36995316
-1,55599997;30,25036621
-1,55499997;30,25036621
-1,55399997;30,25036621
-1,55299997;30,25036621
-1,55199997;30,25036621
-1,55099997;30,25036621
-1,54999997;29,13078117
-1,54899997;29,13078117
-1,54799997;29,13078117
-1,54699997;28,01119423
-1,54599997;28,01119423
-1,54499997;28,01119423
-1,54399997;26,88853073
-1,54299997;26,88853073
-1,54199997;26,88853073
-1,54099997;25,76894569
-1,53999997;24,64935684
-1,53899997;24,64935684
-1,53799997;23,52669716
-1,53699997;23,52669716
-1,53599997;22,40711021
-1,53499997;21,28752327
-1,53399997;20,16793633
-1,53299997;20,16793633
-1,53199997;19,04527283
-1,53099997;19,04527283
-1,52999997;17,92568779
-1,52899997;16,80610085
-1,52799997;15,68343925
-1,52699997;14,56385231
-1,52599997;13,44426537
-1,52499997;12,32467842
-1,52399997;11,20201683
-1,52299997;11,20201683
-1,52199997;10,08243084
-1,52099997;8,96284389
-1,51999997;7,84018135
-1,51899997;6,72059488
-1,51799997;5,60100842
-1,51699997;4,48142195
-1,51599997;2,23917317
-1,51499997;1,11958659
-1,51399997;0,00000000
-1,51299997;-1,11958659
-1,51199997;-2,23917317
-1,51099997;-3,35875964
-1,50999997;-4,48142195
-1,50899997;-5,60100842
-1,50799997;-6,72059488
-1,50699997;-6,72059488
-1,50599997;-8,96284389
-1,50499997;-10,08243084
-1,50399997;-11,20201683
-1,50299997;-12,32467842
-1,50199997;-13,44426537
-1,50099997;-14,56385231
-1,49999997;-15,68343925
-1,49899997;-16,80610085
-1,49799997;-17,92568779
-1,49699997;-19,04527283
-1,49599997;-20,16793633
-1,49499997;-20,16793633
-1,49399997;-21,28752327
-1,49299997;-22,40711021
-1,49199997;-23,52669716
-1,49099997;-24,64935684
-1,48999997;-24,64935684
-1,48899997;-25,76894569
-1,48799997;-26,88853073
-1,48699997;-26,88853073
-1,48599997;-26,88853073
-1,48499997;-28,01119423
-1,48399997;-28,01119423
-1,48299997;-28,01119423
-1,48199997;-28,01119423
-1,48099997;-29,13078117
-1,47999997;-29,13078117
-1,47899997;-29,13078117
-1,47799997;-29,13078117
-1,47699997;-29,13078117
-1,47599997;-30,25036621
-1,47499997;-30,25036621
-1,47399997;-29,13078117
-1,47299997;-29,13078117
-1,47199997;-29,13078117
-1,47099997;-29,13078117
-1,46999997;-29,13078117
-1,46899997;-29,13078117
-1,46799997;-29,13078117
-1,46699997;-28,01119423
-1,46599997;-28,01119423
-1,46499997;-28,01119423
-1,46399997;-26,88853073
-1,46299997;-26,88853073
-1,46199997;-26,88853073
-1,46099997;-26,88853073
-1,45999997;-26,88853073
-1,45899997;-25,76894569
-1,45799997;-25,76894569
-1,45699997;-25,76894569
-1,45599997;-24,64935684
-1,45499997;-24,64935684
-1,45399997;-24,64935684
-1,45299997;-24,64935684
-1,45199997;-24,64935684
-1,45099997;-23,52669716
-1,44999997;-23,52669716
-1,44899997;-23,52669716
-1,44799997;-22,40711021
-1,44699997;-21,28752327
-1,44599997;-21,28752327
-1,44499997;-20,16793633
-1,44399997;-20,16793633
-1,44299997;-19,04527283
-1,44199997;-17,92568779
-1,44099997;-17,92568779
-1,43999997;-16,80610085
-1,43899997;-15,68343925
-1,43799997;-15,68343925
-1,43699997;-14,56385231
-1,43599997;-14,56385231
-1,43499997;-13,44426537
-1,43399997;-12,32467842
-1,43299997;-11,20201683
-1,43199997;-10,08243084
-1,43099997;-8,96284389
-1,42999997;-7,84018135
-1,42899997;-6,72059488
-1,42799997;-5,60100842
-1,42699997;-5,60100842
-1,42599997;-4,48142195
-1,42499997;-2,23917317
-1,42399997;-1,11958659
-1,42299997;-1,11958659
-1,42199997;1,11958659
-1,42099997;2,23917317
-1,41999997;3,35875964
-1,41899997;4,48142195
-1,41799997;5,60100842
-1,41699997;6,72059488
-1,41599997;7,84018135
-1,41499997;8,96284389
-1,41399997;10,08243084
-1,41299997;11,20201683
-1,41199997;12,32467842
-1,41099997;13,44426537
-1,40999997;14,56385231
-1,40899997;15,68343925
-1,40799997;16,80610085
-1,40699997;17,92568779
-1,40599997;17,92568779
-1,40499997;19,04527283
-1,40399997;20,16793633
-1,40299997;21,28752327
-1,40199997;22,40711021
-1,40099997;23,52669716
-1,39999997;23,52669716
-1,39899997;24,64935684
-1,39799997;25,76894569
-1,39699997;25,76894569
-1,39599997;26,88853073
-1,39499997;26,88853073
-1,39399997;28,01119423
-1,39299997;29,13078117
-1,39199997;29,13078117
-1,39099997;29,13078117
-1,38999997;30,25036621
-1,38899997;29,13078117
-1,38799997;30,25036621
-1,38699997;30,25036621
-1,38599997;31,36995316
-1,38499997;31,36995316
-1,38399997;31,36995316
-1,38299997;31,36995316
-1,38199997;31,36995316
-1,38099997;31,36995316
-1,37999997;31,36995316
-1,37899997;31,36995316
-1,37799997;30,25036621
-1,37699997;31,36995316
-1,37599997;31,36995316
-1,37499997;30,25036621
-1,37399997;30,25036621
-1,37299997;30,25036621
-1,37199997;29,13078117
-1,37099997;29,13078117
-1,36999997;29,13078117
-1,36899997;29,13078117
-1,36799997;28,01119423
-1,36699997;28,01119423
-1,36599997;26,88853073
-1,36499997;26,88853073
-1,36399997;25,76894569
-1,36299997;25,76894569
-1,36199997;24,64935684
-1,36099997;24,64935684
-1,35999997;23,52669716
-1,35899997;22,40711021
-1,35799997;22,40711021
-1,35699997;21,28752327
-1,35599997;20,16793633
-1,35499997;20,16793633
-1,35399997;19,04527283
-1,35299997;17,92568779
-1,35199997;17,92568779
-1,35099997;16,80610085
-1,34999997;15,68343925
-1,34899997;14,56385231
-1,34799997;13,44426537
-1,34699997;12,32467842
-1,34599997;11,20201683
-1,34499997;11,20201683
-1,34399997;10,08243084
-1,34299997;8,96284389
-1,34199997;7,84018135
-1,34099997;6,72059488
-1,33999997;5,60100842
-1,33899997;3,35875964
-1,33799997;2,23917317
-1,33699997;2,23917317
-1,33599997;1,11958659
-1,33499997;-1,11958659
-1,33399997;-2,23917317
-1,33299997;-3,35875964
-1,33199997;-4,48142195
-1,33099997;-5,60100842
-1,32999997;-6,72059488
-1,32899997;-7,84018135
-1,32799997;-8,96284389
-1,32699997;-10,08243084
-1,32599997;-11,20201683
-1,32499997;-12,32467842
-1,32399997;-13,44426537
-1,32299997;-14,56385231
-1,32199997;-15,68343925
-1,32099997;-16,80610085
-1,31999997;-17,92568779
-1,31899997;-19,04527283
-1,31799997;-20,16793633
-1,31699997;-21,28752327
-1,31599997;-22,40711021
-1,31499997;-22,40711021
-1,31399997;-23,52669716
-1,31299997;-24,64935684
-1,31199997;-24,64935684
-1,31099997;-25,76894569
-1,30999997;-26,88853073
-1,30899997;-26,88853073
-1,30799997;-26,88853073
-1,30699997;-28,01119423
-1,30599997;-28,01119423
-1,30499997;-28,01119423
-1,30399997;-29,13078117
-1,30299997;-29,13078117
-1,30199997;-29,13078117
-1,30099997;-29,13078117
-1,29999997;-29,13078117
-1,29899997;-30,25036621
-1,29799997;-30,25036621
-1,29699997;-29,13078117
-1,29599997;-29,13078117
-1,29499997;-29,13078117
-1,29399997;-29,13078117
-1,29299997;-29,13078117
-1,29199997;-29,13078117
-1,29099997;-28,01119423
-1,28999997;-28,01119423
-1,28899997;-29,13078117
-1,28799997;-28,01119423
-1,28699997;-28,01119423
-1,28599997;-26,88853073
-1,28499997;-26,88853073
-1,28399997;-26,88853073
-1,28299997;-26,88853073
-1,28199997;-25,76894569
-1,28099997;-25,76894569
-1,27999997;-25,76894569
-1,27899997;-25,76894569
-1,27799997;-24,64935684
-1,27699997;-24,64935684
-1,27599997;-24,64935684
-1,27499997;-24,64935684
-1,27399997;-23,52669716
-1,27299997;-23,52669716
-1,27199997;-23,52669716
-1,27099997;-23,52669716
-1,26999997;-22,40711021
-1,26899997;-21,28752327
-1,26799997;-20,16793633
-1,26699997;-20,16793633
-1,26599997;-20,16793633
-1,26499997;-19,04527283
-1,26399997;-17,92568779
-1,26299997;-17,92568779
-1,26199997;-16,80610085
-1,26099997;-15,68343925
-1,25999997;-14,56385231
-1,25899997;-14,56385231
-1,25799997;-13,44426537
-1,25699997;-13,44426537
-1,25599997;-12,32467842
-1,25499997;-11,20201683
-1,25399997;-10,08243084
-1,25299997;-8,96284389
-1,25199997;-7,84018135
-1,25099997;-6,72059488
-1,24999997;-5,60100842
-1,24899997;-4,48142195
-1,24799997;-3,35875964
-1,24699997;-2,23917317
-1,24599997;-1,11958659
-1,24499997;-1,11958659
-1,24399997;0,00000000
-1,24299997;2,23917317
-1,24199997;3,35875964
-1,24099997;4,48142195
-1,23999997;5,60100842
-1,23899997;6,72059488
-1,23799997;7,84018135
-1,23699997;8,96284389
-1,23599997;10,08243084
-1,23499997;11,20201683
-1,23399997;12,32467842
-1,23299997;13,44426537
-1,23199997;14,56385231
-1,23099997;15,68343925
-1,22999997;16,80610085
-1,22899997;17,92568779
-1,22799997;19,04527283
-1,22699997;19,04527283
-1,22599997;20,16793633
-1,22499997;21,28752327
-1,22399997;22,40711021
-1,22299997;23,52669716
-1,22199997;23,52669716
-1,22099997;24,64935684
-1,21999997;25,76894569
-1,21899997;25,76894569
-1,21799997;26,88853073
-1,21699997;26,88853073
-1,21599997;28,01119423
-1,21499997;29,13078117
-1,21399997;29,13078117
-1,21299997;29,13078117
-1,21199997;29,13078117
-1,21099997;30,25036621
-1,20999997;30,25036621
-1,20899997;30,25036621
-1,20799997;30,25036621
-1,20699997;31,36995316
-1,20599997;31,36995316
-1,20499998;31,36995316
-1,20399998;30,25036621
-1,20299998;31,36995316
-1,20199998;31,36995316
-1,20099998;31,36995316
-1,19999998;31,36995316
-1,19899998;30,25036621
-1,19799998;30,25036621
-1,19699998;30,25036621
-1,19599998;30,25036621
-1,19499998;30,25036621
-1,19399998;29,13078117
-1,19299998;29,13078117
-1,19199998;29,13078117
-1,19099998;28,01119423
-1,18999998;28,01119423
-1,18899998;28,01119423
-1,18799998;26,88853073
-1,18699998;26,88853073
-1,18599998;25,76894569
-1,18499998;25,76894569
-1,18399998;24,64935684
-1,18299998;23,52669716
-1,18199998;23,52669716
-1,18099998;22,40711021
-1,17999998;22,40711021
-1,17899998;21,28752327
-1,17799998;20,16793633
-1,17699998;19,04527283
-1,17599998;19,04527283
-1,17499998;17,92568779
-1,17399998;16,80610085
-1,17299998;16,80610085
-1,17199998;15,68343925
-1,17099998;13,44426537
-1,16999998;13,44426537
-1,16899998;12,32467842
-1,16799998;11,20201683
-1,16699998;10,08243084
-1,16599998;8,96284389
-1,16499998;7,84018135
-1,16399998;6,72059488
-1,16299998;5,60100842
-1,16199998;4,48142195
-1,16099998;3,35875964
-1,15999998;2,23917317
-1,15899998;1,11958659
-1,15799998;0,00000000
-1,15699998;-1,11958659
-1,15599998;-2,23917317
-1,15499998;-3,35875964
-1,15399998;-4,48142195
-1,15299998;-5,60100842
-1,15199998;-6,72059488
-1,15099998;-7,84018135
-1,14999998;-8,96284389
-1,14899998;-10,08243084
-1,14799998;-11,20201683
-1,14699998;-13,44426537
-1,14599998;-14,56385231
-1,14499998;-14,56385231
-1,14399998;-15,68343925
-1,14299998;-16,80610085
-1,14199998;-19,04527283
-1,14099998;-19,04527283
-1,13999998;-19,04527283
-1,13899998;-21,28752327
-1,13799998;-22,40711021
-1,13699998;-23,52669716
-1,13599998;-23,52669716
-1,13499998;-24,64935684
-1,13399998;-25,76894569
-1,13299998;-26,88853073
-1,13199998;-26,88853073
-1,13099998;-26,88853073
-1,12999998;-28,01119423
-1,12899998;-28,01119423
-1,12799998;-28,01119423
-1,12699998;-28,01119423
-1,12599998;-29,13078117
-1,12499998;-29,13078117
-1,12399998;-29,13078117
-1,12299998;-29,13078117
-1,12199998;-29,13078117
-1,12099998;-29,13078117
-1,11999998;-29,13078117
-1,11899998;-30,25036621
-1,11799998;-29,13078117
-1,11699998;-29,13078117
-1,11599998;-29,13078117
-1,11499998;-29,13078117
-1,11399998;-28,01119423
-1,11299998;-28,01119423
-1,11199998;-28,01119423
-1,11099998;-28,01119423
-1,10999998;-28,01119423
-1,10899998;-28,01119423
-1,10799998;-28,01119423
-1,10699998;-26,88853073
-1,10599998;-26,88853073
-1,10499998;-26,88853073
-1,10399998;-25,76894569
-1,10299998;-25,76894569
-1,10199998;-25,76894569
-1,10099998;-25,76894569
-1,09999998;-24,64935684
-1,09899998;-24,64935684
-1,09799998;-24,64935684
-1,09699998;-24,64935684
-1,09599998;-23,52669716
-1,09499998;-23,52669716
-1,09399998;-23,52669716
-1,09299998;-22,40711021
-1,09199998;-22,40711021
-1,09099998;-21,28752327
-1,08999998;-20,16793633
-1,08899998;-20,16793633
-1,08799998;-19,04527283
-1,08699998;-19,04527283
-1,08599998;-17,92568779
-1,08499998;-16,80610085
-1,08399998;-16,80610085
-1,08299998;-15,68343925
-1,08199998;-14,56385231
-1,08099998;-14,56385231
-1,07999998;-13,44426537
-1,07899998;-13,44426537
-1,07799998;-12,32467842
-1,07699998;-11,20201683
-1,07599998;-10,08243084
-1,07499998;-8,96284389
-1,07399998;-7,84018135
-1,07299998;-5,60100842
-1,07199998;-5,60100842
-1,07099998;-4,48142195
-1,06999998;-3,35875964
-1,06899998;-2,23917317
-1,06799998;-1,11958659
-1,06699998;0,00000000
-1,06599998;1,11958659
-1,06499998;2,23917317
-1,06399998;3,35875964
-1,06299998;4,48142195
-1,06199998;5,60100842
-1,06099998;6,72059488
-1,05999998;7,84018135
-1,05899998;8,96284389
-1,05799998;10,08243084
-1,05699998;11,20201683
-1,05599998;12,32467842
-1,05499998;13,44426537
-1,05399998;14,56385231
-1,05299998;15,68343925
-1,05199998;16,80610085
-1,05099998;17,92568779
-1,04999998;17,92568779
-1,04899998;19,04527283
-1,04799998;20,16793633
-1,04699998;21,28752327
-1,04599998;22,40711021
-1,04499998;22,40711021
-1,04399998;23,52669716
-1,04299998;24,64935684
-1,04199998;25,76894569
-1,04099998;25,76894569
-1,03999998;26,88853073
-1,03899998;28,01119423
-1,03799998;28,01119423
-1,03699998;28,01119423
-1,03599998;29,13078117
-1,03499998;29,13078117
-1,03399998;29,13078117
-1,03299998;30,25036621
-1,03199998;30,25036621
-1,03099998;30,25036621
-1,02999998;31,36995316
-1,02899998;31,36995316
-1,02799998;30,25036621
-1,02699998;30,25036621
-1,02599998;31,36995316
-1,02499998;31,36995316
-1,02399998;31,36995316
-1,02299998;31,36995316
-1,02199998;31,36995316
-1,02099998;31,36995316
-1,01999998;30,25036621
-1,01899998;30,25036621
-1,01799998;30,25036621
-1,01699998;30,25036621
-1,01599998;29,13078117
-1,01499998;29,13078117
-1,01399998;29,13078117
-1,01299998;29,13078117
-1,01199998;28,01119423
-1,01099998;26,88853073
-1,00999998;26,88853073
-1,00899998;26,88853073
-1,00799998;25,76894569
-1,00699998;24,64935684
-1,00599998;24,64935684
-1,00499998;23,52669716
-1,00399998;22,40711021
-1,00299998;22,40711021
-1,00199998;22,40711021
-1,00099998;21,28752327
-0,99999998;20,16793633
-0,99899998;20,16793633
-0,99799998;19,04527283
-0,99699998;17,92568779
-0,99599998;16,80610085
-0,99499998;15,68343925
-0,99399998;14,56385231
-0,99299998;14,56385231
-0,99199998;13,44426537
-0,99099998;12,32467842
-0,98999998;11,20201683
-0,98899998;10,08243084
-0,98799998;8,96284389
-0,98699998;7,84018135
-0,98599998;6,72059488
-0,98499998;6,72059488
-0,98399998;4,48142195
-0,98299998;3,35875964
-0,98199998;2,23917317
-0,98099998;1,11958659
-0,97999998;0,00000000
-0,97899998;-1,11958659
-0,97799998;-2,23917317
-0,97699998;-3,35875964
-0,97599998;-4,48142195
-0,97499998;-5,60100842
-0,97399998;-6,72059488
-0,97299998;-7,84018135
-0,97199998;-8,96284389
-0,97099998;-10,08243084
-0,96999998;-11,20201683
-0,96899998;-12,32467842
-0,96799998;-13,44426537
-0,96699998;-14,56385231
-0,96599998;-15,68343925
-0,96499998;-16,80610085
-0,96399998;-17,92568779
-0,96299998;-19,04527283
-0,96199998;-21,28752327
-0,96099998;-21,28752327
-0,95999998;-22,40711021
-0,95899998;-23,52669716
-0,95799998;-23,52669716
-0,95699998;-24,64935684
-0,95599998;-25,76894569
-0,95499998;-25,76894569
-0,95399998;-26,88853073
-0,95299998;-26,88853073
-0,95199998;-28,01119423
-0,95099998;-28,01119423
-0,94999998;-28,01119423
-0,94899998;-28,01119423
-0,94799998;-29,13078117
-0,94699998;-29,13078117
-0,94599998;-29,13078117
-0,94499998;-29,13078117
-0,94399998;-29,13078117
-0,94299998;-30,25036621
-0,94199998;-29,13078117
-0,94099998;-29,13078117
-0,93999998;-29,13078117
-0,93899998;-29,13078117
-0,93799998;-29,13078117
-0,93699998;-29,13078117
-0,93599998;-29,13078117
-0,93499998;-28,01119423
-0,93399998;-29,13078117
-0,93299998;-28,01119423
-0,93199998;-28,01119423
-0,93099998;-28,01119423
-0,92999998;-28,01119423
-0,92899998;-26,88853073
-0,92799998;-26,88853073
-0,92699998;-26,88853073
-0,92599998;-25,76894569
-0,92499998;-25,76894569
-0,92399998;-25,76894569
-0,92299998;-25,76894569
-0,92199998;-25,76894569
-0,92099998;-24,64935684
-0,91999998;-24,64935684
-0,91899998;-23,52669716
-0,91799998;-24,64935684
-0,91699998;-23,52669716
-0,91599998;-23,52669716
-0,91499998;-22,40711021
-0,91399998;-22,40711021
-0,91299998;-21,28752327
-0,91199998;-20,16793633
-0,91099998;-20,16793633
-0,90999998;-19,04527283
-0,90899998;-19,04527283
-0,90799998;-17,92568779
-0,90699998;-17,92568779
-0,90599998;-16,80610085
-0,90499998;-15,68343925
-0,90399998;-15,68343925
-0,90299998;-14,56385231
-0,90199998;-13,44426537
-0,90099998;-12,32467842
-0,89999998;-11,20201683
-0,89899998;-10,08243084
-0,89799998;-8,96284389
-0,89699998;-7,84018135
-0,89599998;-7,84018135
-0,89499998;-6,72059488
-0,89399998;-5,60100842
-0,89299998;-4,48142195
-0,89199998;-3,35875964
-0,89099998;-2,23917317
-0,88999998;-1,11958659
-0,88899998;0,00000000
-0,88799998;1,11958659
-0,88699998;2,23917317
-0,88599998;3,35875964
-0,88499998;4,48142195
-0,88399998;5,60100842
-0,88299998;6,72059488
-0,88199998;7,84018135
-0,88099998;8,96284389
-0,87999998;10,08243084
-0,87899998;11,20201683
-0,87799998;12,32467842
-0,87699998;13,44426537
-0,87599998;14,56385231
-0,87499998;15,68343925
-0,87399998;16,80610085
-0,87299998;17,92568779
-0,87199998;19,04527283
-0,87099998;20,16793633
-0,86999998;20,16793633
-0,86899998;21,28752327
-0,86799998;22,40711021
-0,86699998;23,52669716
-0,86599998;23,52669716
-0,86499998;24,64935684
-0,86399998;25,76894569
-0,86299998;25,76894569
-0,86199998;26,88853073
-0,86099998;28,01119423
-0,85999998;28,01119423
-0,85899998;29,13078117
-0,85799998;29,13078117
-0,85699998;29,13078117
-0,85599998;30,25036621
-0,85499998;30,25036621
-0,85399998;30,25036621
-0,85299998;30,25036621
-0,85199999;31,36995316
-0,85099999;30,25036621
-0,84999999;31,36995316
-0,84899999;31,36995316
-0,84799999;31,36995316
-0,84699999;31,36995316
-0,84599999;31,36995316
-0,84499999;31,36995316
-0,84399999;30,25036621
-0,84299999;30,25036621
-0,84199999;30,25036621
-0,84099999;30,25036621
-0,83999999;30,25036621
-0,83899999;30,25036621
-0,83799999;29,13078117
-0,83699999;29,13078117
-0,83599999;28,01119423
-0,83499999;28,01119423
-0,83399999;28,01119423
-0,83299999;26,88853073
-0,83199999;26,88853073
-0,83099999;26,88853073
-0,82999999;25,76894569
-0,82899999;25,76894569
-0,82799999;24,64935684
-0,82699999;23,52669716
-0,82599999;23,52669716
-0,82499999;22,40711021
-0,82399999;21,28752327
-0,82299999;20,16793633
-0,82199999;20,16793633
-0,82099999;19,04527283
-0,81999999;19,04527283
-0,81899999;17,92568779
-0,81799999;16,80610085
-0,81699999;15,68343925
-0,81599999;14,56385231
-0,81499999;13,44426537
-0,81399999;13,44426537
-0,81299999;12,32467842
-0,81199999;11,20201683
-0,81099999;10,08243084
-0,80999999;8,96284389
-0,80899999;7,84018135
-0,80799999;6,72059488
-0,80699999;5,60100842
-0,80599999;4,48142195
-0,80499999;3,35875964
-0,80399999;2,23917317
-0,80299999;1,11958659
-0,80199999;0,00000000
-0,80099999;-1,11958659
-0,79999999;-3,35875964
-0,79899999;-3,35875964
-0,79799999;-4,48142195
-0,79699999;-5,60100842
-0,79599999;-7,84018135
-0,79499999;-8,96284389
-0,79399999;-10,08243084
-0,79299999;-10,08243084
-0,79199999;-11,20201683
-0,79099999;-12,32467842
-0,78999999;-14,56385231
-0,78899999;-14,56385231
-0,78799999;-16,80610085
-0,78699999;-17,92568779
-0,78599999;-19,04527283
-0,78499999;-19,04527283
-0,78399999;-20,16793633
-0,78299999;-21,28752327
-0,78199999;-22,40711021
-0,78099999;-23,52669716
-0,77999999;-24,64935684
-0,77899999;-24,64935684
-0,77799999;-25,76894569
-0,77699999;-25,76894569
-0,77599999;-26,88853073
-0,77499999;-26,88853073
-0,77399999;-28,01119423
-0,77299999;-28,01119423
-0,77199999;-28,01119423
-0,77099999;-28,01119423
-0,76999999;-29,13078117
-0,76899999;-29,13078117
-0,76799999;-29,13078117
-0,76699999;-29,13078117
-0,76599999;-30,25036621
-0,76499999;-29,13078117
-0,76399999;-29,13078117
-0,76299999;-30,25036621
-0,76199999;-29,13078117
-0,76099999;-29,13078117
-0,75999999;-29,13078117
-0,75899999;-29,13078117
-0,75799999;-29,13078117
-0,75699999;-29,13078117
-0,75599999;-28,01119423
-0,75499999;-28,01119423
-0,75399999;-28,01119423
-0,75299999;-28,01119423
-0,75199999;-26,88853073
-0,75099999;-26,88853073
-0,74999999;-26,88853073
-0,74899999;-26,88853073
-0,74799999;-25,76894569
-0,74699999;-25,76894569
-0,74599999;-25,76894569
-0,74499999;-25,76894569
-0,74399999;-25,76894569
-0,74299999;-24,64935684
-0,74199999;-24,64935684
-0,74099999;-23,52669716
-0,73999999;-23,52669716
-0,73899999;-23,52669716
-0,73799999;-23,52669716
-0,73699999;-22,40711021
-0,73599999;-22,40711021
-0,73499999;-21,28752327
-0,73399999;-20,16793633
-0,73299999;-20,16793633
-0,73199999;-19,04527283
-0,73099999;-19,04527283
-0,72999999;-17,92568779
-0,72899999;-16,80610085
-0,72799999;-15,68343925
-0,72699999;-15,68343925
-0,72599999;-14,56385231
-0,72499999;-14,56385231
-0,72399999;-13,44426537
-0,72299999;-12,32467842
-0,72199999;-11,20201683
-0,72099999;-10,08243084
-0,71999999;-10,08243084
-0,71899999;-8,96284389
-0,71799999;-7,84018135
-0,71699999;-6,72059488
-0,71599999;-5,60100842
-0,71499999;-4,48142195
-0,71399999;-3,35875964
-0,71299999;-2,23917317
-0,71199999;-1,11958659
-0,71099999;0,00000000
-0,70999999;1,11958659
-0,70899999;2,23917317
-0,70799999;3,35875964
-0,70699999;4,48142195
-0,70599999;6,72059488
-0,70499999;6,72059488
-0,70399999;7,84018135
-0,70299999;10,08243084
-0,70199999;10,08243084
-0,70099999;11,20201683
-0,69999999;12,32467842
-0,69899999;13,44426537
-0,69799999;14,56385231
-0,69699999;15,68343925
-0,69599999;16,80610085
-0,69499999;17,92568779
-0,69399999;19,04527283
-0,69299999;20,16793633
-0,69199999;21,28752327
-0,69099999;21,28752327
-0,68999999;22,40711021
-0,68899999;23,52669716
-0,68799999;24,64935684
-0,68699999;24,64935684
-0,68599999;25,76894569
-0,68499999;26,88853073
-0,68399999;26,88853073
-0,68299999;28,01119423
-0,68199999;28,01119423
-0,68099999;29,13078117
-0,67999999;29,13078117
-0,67899999;30,25036621
-0,67799999;30,25036621
-0,67699999;30,25036621
-0,67599999;30,25036621
-0,67499999;30,25036621
-0,67399999;30,25036621
-0,67299999;31,36995316
-0,67199999;31,36995316
-0,67099999;31,36995316
-0,66999999;31,36995316
-0,66899999;31,36995316
-0,66799999;31,36995316
-0,66699999;31,36995316
-0,66599999;31,36995316
-0,66499999;30,25036621
-0,66399999;30,25036621
-0,66299999;30,25036621
-0,66199999;30,25036621
-0,66099999;30,25036621
-0,65999999;29,13078117
-0,65899999;29,13078117
-0,65799999;29,13078117
-0,65699999;28,01119423
-0,65599999;28,01119423
-0,65499999;28,01119423
-0,65399999;26,88853073
-0,65299999;26,88853073
-0,65199999;25,76894569
-0,65099999;24,64935684
-0,64999999;24,64935684
-0,64899999;23,52669716
-0,64799999;23,52669716
-0,64699999;22,40711021
-0,64599999;21,28752327
-0,64499999;20,16793633
-0,64399999;20,16793633
-0,64299999;19,04527283
-0,64199999;19,04527283
-0,64099999;17,92568779
-0,63999999;17,92568779
-0,63899999;15,68343925
-0,63799999;15,68343925
-0,63699999;13,44426537
-0,63599999;12,32467842
-0,63499999;12,32467842
-0,63399999;11,20201683
-0,63299999;10,08243084
-0,63199999;8,96284389
-0,63099999;7,84018135
-0,62999999;6,72059488
-0,62899999;5,60100842
-0,62799999;4,48142195
-0,62699999;3,35875964
-0,62599999;2,23917317
-0,62499999;1,11958659
-0,62399999;0,00000000
-0,62299999;-1,11958659
-0,62199999;-2,23917317
-0,62099999;-4,48142195
-0,61999999;-4,48142195
-0,61899999;-5,60100842
-0,61799999;-7,84018135
-0,61699999;-8,96284389
-0,61599999;-10,08243084
-0,61499999;-11,20201683
-0,61399999;-12,32467842
-0,61299999;-13,44426537
-0,61199999;-14,56385231
-0,61099999;-15,68343925
-0,60999999;-16,80610085
-0,60899999;-17,92568779
-0,60799999;-17,92568779
-0,60699999;-19,04527283
-0,60599999;-20,16793633
-0,60499999;-21,28752327
-0,60399999;-22,40711021
-0,60299999;-23,52669716
-0,60199999;-24,64935684
-0,60099999;-24,64935684
-0,59999999;-25,76894569
-0,59899999;-25,76894569
-0,59799999;-26,88853073
-0,59699999;-26,88853073
-0,59599999;-26,88853073
-0,59499999;-28,01119423
-0,59399999;-29,13078117
-0,59299999;-29,13078117
-0,59199999;-29,13078117
-0,59099999;-29,13078117
-0,58999999;-29,13078117
-0,58899999;-29,13078117
-0,58799999;-29,13078117
-0,58699999;-29,13078117
-0,58599999;-30,25036621
-0,58499999;-29,13078117
-0,58399999;-29,13078117
-0,58299999;-29,13078117
-0,58199999;-29,13078117
-0,58099999;-29,13078117
-0,57999999;-29,13078117
-0,57899999;-29,13078117
-0,57799999;-28,01119423
-0,57699999;-28,01119423
-0,57599999;-28,01119423
-0,57499999;-28,01119423
-0,57399999;-28,01119423
-0,57299999;-26,88853073
-0,57199999;-26,88853073
-0,57099999;-25,76894569
-0,56999999;-25,76894569
-0,56899999;-25,76894569
-0,56799999;-25,76894569
-0,56699999;-24,64935684
-0,56599999;-24,64935684
-0,56499999;-24,64935684
-0,56399999;-24,64935684
-0,56299999;-24,64935684
-0,56199999;-23,52669716
-0,56099999;-23,52669716
-0,55999999;-23,52669716
-0,55899999;-22,40711021
-0,55799999;-22,40711021
-0,55699999;-21,28752327
-0,55599999;-20,16793633
-0,55499999;-20,16793633
-0,55399999;-19,04527283
-0,55299999;-17,92568779
-0,55199999;-17,92568779
-0,55099999;-16,80610085
-0,54999999;-16,80610085
-0,54899999;-15,68343925
-0,54799999;-14,56385231
-0,54699999;-14,56385231
-0,54599999;-13,44426537
-0,54499999;-12,32467842
-0,54399999;-11,20201683
-0,54299999;-10,08243084
-0,54199999;-8,96284389
-0,54099999;-8,96284389
-0,53999999;-7,84018135
-0,53899999;-6,72059488
-0,53799999;-5,60100842
-0,53699999;-4,48142195
-0,53599999;-3,35875964
-0,53499999;-2,23917317
-0,53399999;-1,11958659
-0,53299999;0,00000000
-0,53199999;1,11958659
-0,53099999;2,23917317
-0,52999999;3,35875964
-0,52899999;5,60100842
-0,52799999;5,60100842
-0,52699999;7,84018135
-0,52599999;7,84018135
-0,52499999;10,08243084
-0,52399999;11,20201683
-0,52299999;11,20201683
-0,52199999;12,32467842
-0,52099999;13,44426537
-0,51999999;14,56385231
-0,51899999;15,68343925
-0,51799999;16,80610085
-0,51699999;17,92568779
-0,51599999;19,04527283
-0,51499999;20,16793633
-0,51399999;21,28752327
-0,51299999;21,28752327
-0,51199999;22,40711021
-0,51099999;23,52669716
-0,50999999;23,52669716
-0,50899999;24,64935684
-0,50799999;25,76894569
-0,50699999;25,76894569
-0,50599999;26,88853073
-0,50499999;28,01119423
-0,50399999;28,01119423
-0,50299999;29,13078117
-0,50199999;29,13078117
-0,50099999;30,25036621
-0,49999999;30,25036621
-0,49899999;30,25036621
-0,49800000;30,25036621
-0,49700000;30,25036621
-0,49600000;30,25036621
-0,49500000;31,36995316
-0,49400000;31,36995316
-0,49300000;31,36995316
-0,49200000;31,36995316
-0,49100000;31,36995316
-0,49000000;31,36995316
-0,48900000;31,36995316
-0,48800000;31,36995316
-0,48700000;31,36995316
-0,48600000;30,25036621
-0,48500000;30,25036621
-0,48400000;30,25036621
-0,48300000;30,25036621
-0,48200000;29,13078117
-0,48100000;29,13078117
-0,48000000;29,13078117
-0,47900000;28,01119423
-0,47800000;28,01119423
-0,47700000;28,01119423
-0,47600000;26,88853073
-0,47500000;25,76894569
-0,47400000;25,76894569
-0,47300000;24,64935684
-0,47200000;24,64935684
-0,47100000;23,52669716
-0,47000000;22,40711021
-0,46900000;22,40711021
-0,46800000;21,28752327
-0,46700000;21,28752327
-0,46600000;20,16793633
-0,46500000;20,16793633
-0,46400000;19,04527283
-0,46300000;17,92568779
-0,46200000;16,80610085
-0,46100000;15,68343925
-0,46000000;14,56385231
-0,45900000;13,44426537
-0,45800000;13,44426537
-0,45700000;12,32467842
-0,45600000;11,20201683
-0,45500000;10,08243084
-0,45400000;8,96284389
-0,45300000;7,84018135
-0,45200000;6,72059488
-0,45100000;5,60100842
-0,45000000;4,48142195
-0,44900000;3,35875964
-0,44800000;2,23917317
-0,44700000;1,11958659
-0,44600000;0,00000000
-0,44500000;-1,11958659
-0,44400000;-2,23917317
-0,44300000;-4,48142195
-0,44200000;-5,60100842
-0,44100000;-5,60100842
-0,44000000;-7,84018135
-0,43900000;-8,96284389
-0,43800000;-10,08243084
-0,43700000;-11,20201683
-0,43600000;-12,32467842
-0,43500000;-13,44426537
-0,43400000;-14,56385231
-0,43300000;-15,68343925
-0,43200000;-16,80610085
-0,43100000;-17,92568779
-0,43000000;-19,04527283
-0,42900000;-19,04527283
-0,42800000;-20,16793633
-0,42700000;-21,28752327
-0,42600000;-23,52669716
-0,42500000;-23,52669716
-0,42400000;-24,64935684
-0,42300000;-24,64935684
-0,42200000;-25,76894569
-0,42100000;-26,88853073
-0,42000000;-26,88853073
-0,41900000;-28,01119423
-0,41800000;-28,01119423
-0,41700000;-28,01119423
-0,41600000;-28,01119423
-0,41500000;-29,13078117
-0,41400000;-29,13078117
-0,41300000;-29,13078117
-0,41200000;-29,13078117
-0,41100000;-29,13078117
-0,41000000;-29,13078117
-0,40900000;-30,25036621
-0,40800000;-30,25036621
-0,40700000;-30,25036621
-0,40600000;-29,13078117
-0,40500000;-29,13078117
-0,40400000;-29,13078117
-0,40300000;-29,13078117
-0,40200000;-29,13078117
-0,40100000;-28,01119423
-0,40000000;-28,01119423
-0,39900000;-28,01119423
-0,39800000;-28,01119423
-0,39700000;-26,88853073
-0,39600000;-26,88853073
-0,39500000;-26,88853073
-0,39400000;-26,88853073
-0,39300000;-26,88853073
-0,39200000;-25,76894569
-0,39100000;-25,76894569
-0,39000000;-25,76894569
-0,38900000;-24,64935684
-0,38800000;-24,64935684
-0,38700000;-24,64935684
-0,38600000;-24,64935684
-0,38500000;-23,52669716
-0,38400000;-23,52669716
-0,38300000;-23,52669716
-0,38200000;-23,52669716
-0,38100000;-22,40711021
-0,38000000;-22,40711021
-0,37900000;-20,16793633
-0,37800000;-20,16793633
-0,37700000;-19,04527283
-0,37600000;-19,04527283
-0,37500000;-17,92568779
-0,37400000;-17,92568779
-0,37300000;-17,92568779
-0,37200000;-15,68343925
-0,37100000;-15,68343925
-0,37000000;-14,56385231
-0,36900000;-14,56385231
-0,36800000;-13,44426537
-0,36700000;-12,32467842
-0,36600000;-10,08243084
-0,36500000;-10,08243084
-0,36400000;-8,96284389
-0,36300000;-8,96284389
-0,36200000;-7,84018135
-0,36100000;-6,72059488
-0,36000000;-5,60100842
-0,35900000;-4,48142195
-0,35800000;-2,23917317
-0,35700000;-1,11958659
-0,35600000;-1,11958659
-0,35500000;0,00000000
-0,35400000;1,11958659
-0,35300000;3,35875964
-0,35200000;4,48142195
-0,35100000;5,60100842
-0,35000000;5,60100842
-0,34900000;6,72059488
-0,34800000;7,84018135
-0,34700000;8,96284389
-0,34600000;10,08243084
-0,34500000;12,32467842
-0,34400000;13,44426537
-0,34300000;13,44426537
-0,34200000;14,56385231
-0,34100000;16,80610085
-0,34000000;17,92568779
-0,33900000;17,92568779
-0,33800000;19,04527283
-0,33700000;20,16793633
-0,33600000;21,28752327
-0,33500000;22,40711021
-0,33400000;22,40711021
-0,33300000;23,52669716
-0,33200000;24,64935684
-0,33100000;25,76894569
-0,33000000;25,76894569
-0,32900000;26,88853073
-0,32800000;26,88853073
-0,32700000;28,01119423
-0,32600000;28,01119423
-0,32500000;29,13078117
-0,32400000;29,13078117
-0,32300000;29,13078117
-0,32200000;30,25036621
-0,32100000;30,25036621
-0,32000000;30,25036621
-0,31900000;30,25036621
-0,31800000;30,25036621
-0,31700000;30,25036621
-0,31600000;31,36995316
-0,31500000;30,25036621
-0,31400000;31,36995316
-0,31300000;30,25036621
-0,31200000;30,25036621
-0,31100000;31,36995316
-0,31000000;31,36995316
-0,30900000;30,25036621
-0,30800000;30,25036621
-0,30700000;30,25036621
-0,30600000;30,25036621
-0,30500000;30,25036621
-0,30400000;29,13078117
-0,30300000;29,13078117
-0,30200000;29,13078117
-0,30100000;28,01119423
-0,30000000;28,01119423
-0,29900000;26,88853073
-0,29800000;26,88853073
-0,29700000;26,88853073
-0,29600000;25,76894569
-0,29500000;24,64935684
-0,29400000;24,64935684
-0,29300000;23,52669716
-0,29200000;23,52669716
-0,29100000;22,40711021
-0,29000000;21,28752327
-0,28900000;20,16793633
-0,28800000;20,16793633
-0,28700000;19,04527283
-0,28600000;17,92568779
-0,28500000;17,92568779
-0,28400000;16,80610085
-0,28300000;15,68343925
-0,28200000;14,56385231
-0,28100000;13,44426537
-0,28000000;12,32467842
-0,27900000;11,20201683
-0,27800000;11,20201683
-0,27700000;10,08243084
-0,27600000;8,96284389
-0,27500000;6,72059488
-0,27400000;6,72059488
-0,27300000;5,60100842
-0,27200000;4,48142195
-0,27100000;3,35875964
-0,27000000;1,11958659
-0,26900000;0,00000000
-0,26800000;-1,11958659
-0,26700000;-2,23917317
-0,26600000;-3,35875964
-0,26500000;-4,48142195
-0,26400000;-5,60100842
-0,26300000;-6,72059488
-0,26200000;-7,84018135
-0,26100000;-8,96284389
-0,26000000;-10,08243084
-0,25900000;-11,20201683
-0,25800000;-12,32467842
-0,25700000;-13,44426537
-0,25600000;-14,56385231
-0,25500000;-15,68343925
-0,25400000;-16,80610085
-0,25300000;-17,92568779
-0,25200000;-19,04527283
-0,25100000;-20,16793633
-0,25000000;-21,28752327
-0,24900000;-22,40711021
-0,24800000;-22,40711021
-0,24700000;-23,52669716
-0,24600000;-24,64935684
-0,24500000;-25,76894569
-0,24400000;-25,76894569
-0,24300000;-26,88853073
-0,24200000;-26,88853073
-0,24100000;-28,01119423
-0,24000000;-28,01119423
-0,23900000;-28,01119423
-0,23800000;-28,01119423
-0,23700000;-29,13078117
-0,23600000;-29,13078117
-0,23500000;-29,13078117
-0,23400000;-29,13078117
-0,23300000;-29,13078117
-0,23200000;-29,13078117
-0,23100000;-29,13078117
-0,23000000;-29,13078117
-0,22900000;-29,13078117
-0,22800000;-29,13078117
-0,22700000;-29,13078117
-0,22600000;-29,13078117
-0,22500000;-29,13078117
-0,22400000;-28,01119423
-0,22300000;-29,13078117
-0,22200000;-28,01119423
-0,22100000;-28,01119423
-0,22000000;-28,01119423
-0,21900000;-26,88853073
-0,21800000;-26,88853073
-0,21700000;-26,88853073
-0,21600000;-25,76894569
-0,21500000;-25,76894569
-0,21400000;-25,76894569
-0,21300000;-25,76894569
-0,21200000;-25,76894569
-0,21100000;-24,64935684
-0,21000000;-24,64935684
-0,20900000;-24,64935684
-0,20800000;-24,64935684
-0,20700000;-24,64935684
-0,20600000;-23,52669716
-0,20500000;-23,52669716
-0,20400000;-23,52669716
-0,20300000;-22,40711021
-0,20200000;-22,40711021
-0,20100000;-20,16793633
-0,20000000;-20,16793633
-0,19900000;-19,04527283
-0,19800000;-19,04527283
-0,19700000;-17,92568779
-0,19600000;-17,92568779
-0,19500000;-16,80610085
-0,19400000;-15,68343925
-0,19300000;-14,56385231
-0,19200000;-14,56385231
-0,19100000;-14,56385231
-0,19000000;-13,44426537
-0,18900000;-12,32467842
-0,18800000;-11,20201683
-0,18700000;-10,08243084
-0,18600000;-8,96284389
-0,18500000;-7,84018135
-0,18400000;-6,72059488
-0,18300000;-5,60100842
-0,18200000;-4,48142195
-0,18100000;-3,35875964
-0,18000000;-3,35875964
-0,17900000;-2,23917317
-0,17800000;-1,11958659
-0,17700000;0,00000000
-0,17600000;2,23917317
-0,17500000;3,35875964
-0,17400000;4,48142195
-0,17300000;5,60100842
-0,17200000;6,72059488
-0,17100000;7,84018135
-0,17000000;8,96284389
-0,16900000;10,08243084
-0,16800000;11,20201683
-0,16700000;12,32467842
-0,16600000;13,44426537
-0,16500000;14,56385231
-0,16400000;15,68343925
-0,16300000;16,80610085
-0,16200000;16,80610085
-0,16100000;17,92568779
-0,16000000;20,16793633
-0,15900000;20,16793633
-0,15800000;21,28752327
-0,15700000;21,28752327
-0,15600000;22,40711021
-0,15500000;23,52669716
-0,15400000;24,64935684
-0,15300000;25,76894569
-0,15200000;25,76894569
-0,15100000;26,88853073
-0,15000000;26,88853073
-0,14900000;28,01119423
-0,14800000;28,01119423
-0,14700000;29,13078117
-0,14600000;29,13078117
-0,14500001;30,25036621
-0,14400001;30,25036621
-0,14300001;30,25036621
-0,14200001;30,25036621
-0,14100001;30,25036621
-0,14000001;30,25036621
-0,13900001;31,36995316
-0,13800001;31,36995316
-0,13700001;31,36995316
-0,13600001;31,36995316
-0,13500001;31,36995316
-0,13400001;31,36995316
-0,13300001;31,36995316
-0,13200001;30,25036621
-0,13100001;30,25036621
-0,13000001;30,25036621
-0,12900001;30,25036621
-0,12800001;30,25036621
-0,12700001;29,13078117
-0,12600001;29,13078117
-0,12500001;29,13078117
-0,12400001;29,13078117
-0,12300001;28,01119423
-0,12200001;28,01119423
-0,12100001;28,01119423
-0,12000001;26,88853073
-0,11900001;25,76894569
-0,11800001;25,76894569
-0,11700001;24,64935684
-0,11600001;24,64935684
-0,11500001;23,52669716
-0,11400001;22,40711021
-0,11300001;22,40711021
-0,11200001;21,28752327
-0,11100001;20,16793633
-0,11000001;20,16793633
-0,10900001;19,04527283
-0,10800001;19,04527283
-0,10700001;16,80610085
-0,10600001;16,80610085
-0,10500001;15,68343925
-0,10400001;14,56385231
-0,10300001;13,44426537
-0,10200001;12,32467842
-0,10100001;11,20201683
-0,10000001;11,20201683
-0,09900001;8,96284389
-0,09800001;8,96284389
-0,09700001;6,72059488
-0,09600001;5,60100842
-0,09500001;4,48142195
-0,09400001;3,35875964
-0,09300001;2,23917317
-0,09200001;2,23917317
-0,09100001;0,00000000
-0,09000001;-1,11958659
-0,08900001;-2,23917317
-0,08800001;-3,35875964
-0,08700001;-4,48142195
-0,08600001;-5,60100842
-0,08500001;-6,72059488
-0,08400001;-7,84018135
-0,08300001;-8,96284389
-0,08200001;-10,08243084
-0,08100001;-11,20201683
-0,08000001;-12,32467842
-0,07900001;-13,44426537
-0,07800001;-14,56385231
-0,07700001;-15,68343925
-0,07600001;-16,80610085
-0,07500001;-17,92568779
-0,07400001;-19,04527283
-0,07300001;-20,16793633
-0,07200001;-21,28752327
-0,07100001;-22,40711021
-0,07000001;-23,52669716
-0,06900001;-23,52669716
-0,06800001;-24,64935684
-0,06700001;-25,76894569
-0,06600001;-25,76894569
-0,06500001;-26,88853073
-0,06400001;-26,88853073
-0,06300001;-28,01119423
-0,06200001;-28,01119423
-0,06100001;-28,01119423
-0,06000001;-28,01119423
-0,05900001;-29,13078117
-0,05800001;-29,13078117
-0,05700001;-29,13078117
-0,05600001;-29,13078117
-0,05500001;-29,13078117
-0,05400001;-29,13078117
-0,05300001;-29,13078117
-0,05200001;-30,25036621
-0,05100001;-30,25036621
-0,05000001;-29,13078117
-0,04900001;-29,13078117
-0,04800001;-29,13078117
-0,04700001;-29,13078117
-0,04600001;-29,13078117
-0,04500001;-29,13078117
-0,04400001;-28,01119423
-0,04300001;-28,01119423
-0,04200001;-28,01119423
-0,04100001;-28,01119423
-0,04000001;-26,88853073
-0,03900001;-26,88853073
-0,03800001;-25,76894569
-0,03700001;-25,76894569
-0,03600001;-25,76894569
-0,03500001;-25,76894569
-0,03400001;-25,76894569
-0,03300001;-24,64935684
-0,03200001;-24,64935684
-0,03100001;-24,64935684
-0,03000001;-24,64935684
-0,02900001;-24,64935684
-0,02800001;-23,52669716
-0,02700001;-23,52669716
-0,02600001;-23,52669716
-0,02500001;-22,40711021
-0,02400001;-21,28752327
-0,02300001;-20,16793633
-0,02200001;-20,16793633
-0,02100001;-20,16793633
-0,02000001;-19,04527283
-0,01900001;-17,92568779
-0,01800001;-17,92568779
-0,01700001;-16,80610085
-0,01600001;-15,68343925
-0,01500001;-15,68343925
-0,01400001;-14,56385231
-0,01300001;-13,44426537
-0,01200001;-13,44426537
-0,01100001;-12,32467842
-0,01000001;-11,20201683
-0,00900001;-10,08243084
-0,00800001;-8,96284389
-0,00700001;-7,84018135
-0,00600001;-6,72059488
-0,00500001;-5,60100842
-0,00400001;-5,60100842
-0,00300001;-3,35875964
-0,00200001;-2,23917317
-0,00100001;-1,11958659
-0,00000001;0,00000000
0,00099999;1,11958659
0,00199999;2,23917317
0,00299999;3,35875964
0,00399999;4,48142195
0,00499999;5,60100842
0,00599999;6,72059488
0,00699999;7,84018135
0,00799999;8,96284389
0,00899999;10,08243084
0,00999999;11,20201683
0,01099999;12,32467842
0,01199999;13,44426537
0,01299999;14,56385231
0,01399999;15,68343925
0,01499999;16,80610085
0,01599999;17,92568779
0,01699999;17,92568779
0,01799999;20,16793633
0,01899999;20,16793633
0,01999999;21,28752327
0,02099999;22,40711021
0,02199999;23,52669716
0,02299999;23,52669716
0,02399999;24,64935684
0,02499999;25,76894569
0,02599999;25,76894569
0,02699999;26,88853073
0,02799999;28,01119423
0,02899999;28,01119423
0,02999999;29,13078117
0,03099999;29,13078117
0,03199999;30,25036621
0,03299999;30,25036621
0,03399999;30,25036621
0,03499999;30,25036621
0,03599999;31,36995316
0,03699999;31,36995316
0,03799999;31,36995316
0,03899999;31,36995316
0,03999999;31,36995316
0,04099999;31,36995316
0,04199999;31,36995316
0,04299999;31,36995316
0,04399999;31,36995316
0,04499999;31,36995316
0,04599999;31,36995316
0,04699999;30,25036621
0,04799999;30,25036621
0,04899999;30,25036621
0,04999999;30,25036621
0,05099999;29,13078117
0,05199999;29,13078117
0,05299999;29,13078117
0,05399999;29,13078117
0,05499999;28,01119423
0,05599999;28,01119423
0,05699999;28,01119423
0,05799999;26,88853073
0,05899999;25,76894569
0,05999999;25,76894569
0,06099999;24,64935684
0,06199999;24,64935684
0,06299999;23,52669716
0,06399999;22,40711021
0,06499999;22,40711021
0,06599999;21,28752327
0,06699999;20,16793633
0,06799999;20,16793633
0,06899999;19,04527283
0,06999999;17,92568779
0,07099999;16,80610085
0,07199999;16,80610085
0,07299999;15,68343925
0,07399999;14,56385231
0,07499999;13,44426537
0,07599999;12,32467842
0,07699999;11,20201683
0,07799999;10,08243084
0,07899999;10,08243084
0,07999999;8,96284389
0,08099999;6,72059488
0,08199999;6,72059488
0,08299999;4,48142195
0,08399999;3,35875964
0,08499999;2,23917317
0,08599999;1,11958659
0,08699999;0,00000000
0,08799999;-1,11958659
0,08899999;-2,23917317
0,08999999;-3,35875964
0,09099999;-4,48142195
0,09199999;-5,60100842
0,09299999;-6,72059488
0,09399999;-7,84018135
0,09499999;-8,96284389
0,09599999;-10,08243084
0,09699999;-11,20201683
0,09799999;-12,32467842
0,09899999;-13,44426537
0,09999999;-14,56385231
0,10099999;-16,80610085
0,10199999;-16,80610085
0,10299999;-17,92568779
0,10399999;-19,04527283
0,10499999;-20,16793633
0,10599999;-21,28752327
0,10699999;-22,40711021
0,10799999;-23,52669716
0,10899999;-23,52669716
0,10999999;-24,64935684
0,11099999;-24,64935684
0,11199999;-25,76894569
0,11299999;-26,88853073
0,11399999;-26,88853073
0,11499999;-26,88853073
0,11599999;-28,01119423
0,11699999;-28,01119423
0,11799999;-28,01119423
0,11899999;-29,13078117
0,11999999;-29,13078117
0,12099999;-29,13078117
0,12199999;-29,13078117
0,12299999;-29,13078117
0,12399999;-29,13078117
0,12499999;-30,25036621
0,12599999;-29,13078117
0,12699999;-29,13078117
0,12799999;-29,13078117
0,12899999;-29,13078117
0,12999999;-29,13078117
0,13099999;-29,13078117
0,13199999;-29,13078117
0,13299999;-28,01119423
0,13399999;-28,01119423
0,13499999;-28,01119423
0,13599999;-28,01119423
0,13699999;-26,88853073
0,13799999;-26,88853073
0,13899999;-26,88853073
0,13999999;-26,88853073
0,14099999;-25,76894569
0,14199999;-25,76894569
0,14299999;-25,76894569
0,14399999;-25,76894569
0,14499999;-24,64935684
0,14599999;-24,64935684
0,14699999;-24,64935684
0,14799999;-24,64935684
0,14899999;-23,52669716
0,14999999;-23,52669716
0,15099999;-23,52669716
0,15199999;-23,52669716
0,15299999;-22,40711021
0,15399999;-21,28752327
0,15499999;-21,28752327
0,15599999;-20,16793633
0,15699999;-19,04527283
0,15799999;-19,04527283
0,15899999;-17,92568779
0,15999999;-17,92568779
0,16099999;-16,80610085
0,16199999;-15,68343925
0,16299999;-14,56385231
0,16399999;-14,56385231
0,16499999;-13,44426537
0,16599999;-12,32467842
0,16699999;-11,20201683
0,16799999;-11,20201683
0,16899999;-8,96284389
0,16999999;-7,84018135
0,17099999;-7,84018135
0,17199999;-6,72059488
0,17299999;-5,60100842
0,17399999;-4,48142195
0,17499999;-3,35875964
0,17599999;-2,23917317
0,17699999;-1,11958659
0,17799999;0,00000000
0,17899999;1,11958659
0,17999999;2,23917317
0,18099999;3,35875964
0,18199999;4,48142195
0,18299999;5,60100842
0,18399999;6,72059488
0,18499999;7,84018135
0,18599999;8,96284389
0,18699999;10,08243084
0,18799999;11,20201683
0,18899999;12,32467842
0,18999999;13,44426537
0,19099999;14,56385231
0,19199999;15,68343925
0,19299999;16,80610085
0,19399999;17,92568779
0,19499999;19,04527283
0,19599999;19,04527283
0,19699999;20,16793633
0,19799999;21,28752327
0,19899999;22,40711021
0,19999999;23,52669716
0,20099999;23,52669716
0,20199999;24,64935684
0,20299999;25,76894569
0,20399999;25,76894569
0,20499999;26,88853073
0,20599999;28,01119423
0,20699999;28,01119423
0,20799999;29,13078117
0,20899998;29,13078117
0,20999998;29,13078117
0,21099998;30,25036621
0,21199998;30,25036621
0,21299998;30,25036621
0,21399998;30,25036621
0,21499998;30,25036621
0,21599998;31,36995316
0,21699998;31,36995316
0,21799998;31,36995316
0,21899998;31,36995316
0,21999998;30,25036621
0,22099998;31,36995316
0,22199998;31,36995316
0,22299998;30,25036621
0,22399998;30,25036621
0,22499998;30,25036621
0,22599998;30,25036621
0,22699998;30,25036621
0,22799998;30,25036621
0,22899998;30,25036621
0,22999998;29,13078117
0,23099998;29,13078117
0,23199998;28,01119423
0,23299998;28,01119423
0,23399998;28,01119423
0,23499998;26,88853073
0,23599998;26,88853073
0,23699998;25,76894569
0,23799998;24,64935684
0,23899998;24,64935684
0,23999998;23,52669716
0,24099998;23,52669716
0,24199998;22,40711021
0,24299998;21,28752327
0,24399998;21,28752327
0,24499998;20,16793633
0,24599998;19,04527283
0,24699998;19,04527283
0,24799998;17,92568779
0,24899998;16,80610085
0,24999998;15,68343925
0,25099998;15,68343925
0,25199998;14,56385231
0,25299998;13,44426537
0,25399998;12,32467842
0,25499998;11,20201683
0,25599998;10,08243084
0,25699998;8,96284389
0,25799998;7,84018135
0,25899998;6,72059488
0,25999998;5,60100842
0,26099998;4,48142195
0,26199998;3,35875964
0,26299998;2,23917317
0,26399998;1,11958659
0,26499998;0,00000000
0,26599998;-1,11958659
0,26699998;-2,23917317
0,26799998;-3,35875964
0,26899998;-4,48142195
0,26999998;-5,60100842
0,27099998;-6,72059488
0,27199998;-7,84018135
0,27299998;-8,96284389
0,27399998;-10,08243084
0,27499998;-12,32467842
0,27599998;-12,32467842
0,27699998;-14,56385231
0,27799998;-14,56385231
0,27899998;-16,80610085
0,27999998;-17,92568779
0,28099998;-17,92568779
0,28199998;-19,04527283
0,28299998;-20,16793633
0,28399998;-21,28752327
0,28499998;-22,40711021
0,28599998;-23,52669716
0,28699998;-23,52669716
0,28799998;-24,64935684
0,28899998;-25,76894569
0,28999998;-25,76894569
0,29099998;-26,88853073
0,29199998;-26,88853073
0,29299998;-28,01119423
0,29399998;-28,01119423
0,29499998;-28,01119423
0,29599998;-28,01119423
0,29699998;-29,13078117
0,29799998;-29,13078117
0,29899998;-29,13078117
0,29999998;-30,25036621
0,30099998;-30,25036621
0,30199998;-29,13078117
0,30299998;-29,13078117
0,30399998;-29,13078117
0,30499998;-30,25036621
0,30599998;-29,13078117
0,30699998;-29,13078117
0,30799998;-29,13078117
0,30899998;-29,13078117
0,30999998;-29,13078117
0,31099998;-28,01119423
0,31199998;-28,01119423
0,31299998;-28,01119423
0,31399998;-28,01119423
0,31499998;-26,88853073
0,31599998;-26,88853073
0,31699998;-26,88853073
0,31799998;-26,88853073
0,31899998;-25,76894569
0,31999998;-25,76894569
0,32099998;-25,76894569
0,32199998;-24,64935684
0,32299998;-24,64935684
0,32399998;-24,64935684
0,32499998;-24,64935684
0,32599998;-24,64935684
0,32699998;-23,52669716
0,32799998;-23,52669716
0,32899998;-23,52669716
0,32999998;-22,40711021
0,33099998;-22,40711021
0,33199998;-21,28752327
0,33299998;-20,16793633
0,33399998;-20,16793633
0,33499998;-19,04527283
0,33599998;-19,04527283
0,33699998;-17,92568779
0,33799998;-16,80610085
0,33899998;-16,80610085
0,33999998;-15,68343925
0,34099998;-14,56385231
0,34199998;-14,56385231
0,34299998;-13,44426537
0,34399998;-12,32467842
0,34499998;-11,20201683
0,34599998;-11,20201683
0,34699998;-8,96284389
0,34799998;-8,96284389
0,34899998;-7,84018135
0,34999998;-6,72059488
0,35099998;-5,60100842
0,35199998;-4,48142195
0,35299998;-3,35875964
0,35399998;-2,23917317
0,35499998;-1,11958659
0,35599998;0,00000000
0,35699998;1,11958659
0,35799998;2,23917317
0,35899998;3,35875964
0,35999998;4,48142195
0,36099998;5,60100842
0,36199998;6,72059488
0,36299998;7,84018135
0,36399998;8,96284389
0,36499998;10,08243084
0,36599998;11,20201683
0,36699998;12,32467842
0,36799998;13,44426537
0,36899998;14,56385231
0,36999998;15,68343925
0,37099998;16,80610085
0,37199998;17,92568779
0,37299998;19,04527283
0,37399998;20,16793633
0,37499998;20,16793633
0,37599998;21,28752327
0,37699998;22,40711021
0,37799998;23,52669716
0,37899998;24,64935684
0,37999998;24,64935684
0,38099998;25,76894569
0,38199998;26,88853073
0,38299998;26,88853073
0,38399998;28,01119423
0,38499998;28,01119423
0,38599998;29,13078117
0,38699998;29,13078117
0,38799998;30,25036621
0,38899998;30,25036621
0,38999998;30,25036621
0,39099998;30,25036621
0,39199998;31,36995316
0,39299998;31,36995316
0,39399998;31,36995316
0,39499998;31,36995316
0,39599998;31,36995316
0,39699998;31,36995316
0,39799998;31,36995316
0,39899998;31,36995316
0,39999998;31,36995316
0,40099998;30,25036621
0,40199998;30,25036621
0,40299998;30,25036621
0,40399998;30,25036621
0,40499998;30,25036621
0,40599998;29,13078117
0,40699998;29,13078117
0,40799998;30,25036621
0,40899998;29,13078117
0,40999998;29,13078117
0,41099998;28,01119423
0,41199998;26,88853073
0,41299998;26,88853073
0,41399998;26,88853073
0,41499998;25,76894569
0,41599998;24,64935684
0,41699998;24,64935684
0,41799998;23,52669716
0,41899998;23,52669716
0,41999998;23,52669716
0,42099998;22,40711021
0,42199998;21,28752327
0,42299998;20,16793633
0,42399998;19,04527283
0,42499998;19,04527283
0,42599998;17,92568779
0,42699998;16,80610085
0,42799998;15,68343925
0,42899998;14,56385231
0,42999998;13,44426537
0,43099998;13,44426537
0,43199998;12,32467842
0,43299998;11,20201683
0,43399998;10,08243084
0,43499998;8,96284389
0,43599998;7,84018135
0,43699998;6,72059488
0,43799998;5,60100842
0,43899998;4,48142195
0,43999998;3,35875964
0,44099998;2,23917317
0,44199998;1,11958659
0,44299998;0,00000000
0,44399998;-1,11958659
0,44499998;-3,35875964
0,44599998;-3,35875964
0,44699998;-4,48142195
0,44799998;-5,60100842
0,44899998;-6,72059488
0,44999998;-7,84018135
0,45099998;-8,96284389
0,45199998;-11,20201683
0,45299998;-11,20201683
0,45399998;-13,44426537
0,45499998;-14,56385231
0,45599998;-15,68343925
0,45699998;-15,68343925
0,45799998;-17,92568779
0,45899998;-19,04527283
0,45999998;-19,04527283
0,46099998;-20,16793633
0,46199998;-21,28752327
0,46299998;-22,40711021
0,46399998;-23,52669716
0,46499998;-24,64935684
0,46599998;-24,64935684
0,46699998;-25,76894569
0,46799998;-25,76894569
0,46899998;-26,88853073
0,46999998;-26,88853073
0,47099998;-28,01119423
0,47199998;-28,01119423
0,47299998;-28,01119423
0,47399998;-28,01119423
0,47499998;-29,13078117
0,47599998;-29,13078117
0,47699998;-29,13078117
0,47799998;-29,13078117
0,47899998;-29,13078117
0,47999998;-29,13078117
0,48099998;-30,25036621
0,48199998;-30,25036621
0,48299998;-30,25036621
0,48399998;-29,13078117
0,48499998;-29,13078117
0,48599998;-29,13078117
0,48699998;-29,13078117
0,48799998;-28,01119423
0,48899998;-28,01119423
0,48999998;-28,01119423
0,49099998;-28,01119423
0,49199998;-26,88853073
0,49299998;-28,01119423
0,49399998;-28,01119423
0,49499998;-26,88853073
0,49599998;-25,76894569
0,49699998;-25,76894569
0,49799998;-25,76894569
0,49899998;-25,76894569
0,49999998;-24,64935684
0,50099998;-24,64935684
0,50199998;-24,64935684
0,50299998;-24,64935684
0,50399998;-24,64935684
0,50499998;-23,52669716
0,50599998;-23,52669716
0,50699998;-23,52669716
0,50799998;-23,52669716
0,50899998;-22,40711021
0,50999998;-21,28752327
0,51099998;-20,16793633
0,51199998;-20,16793633
0,51299998;-19,04527283
0,51399998;-19,04527283
0,51499998;-17,92568779
0,51599998;-17,92568779
0,51699998;-16,80610085
0,51799998;-14,56385231
0,51899998;-14,56385231
0,51999998;-13,44426537
0,52099998;-13,44426537
0,52199998;-12,32467842
0,52299998;-11,20201683
0,52399998;-10,08243084
0,52499998;-10,08243084
0,52599998;-8,96284389
0,52699998;-7,84018135
0,52799998;-6,72059488
0,52899998;-5,60100842
0,52999998;-4,48142195
0,53099998;-3,35875964
0,53199998;-2,23917317
0,53299998;-1,11958659
0,53399998;0,00000000
0,53499998;1,11958659
0,53599998;2,23917317
0,53699998;4,48142195
0,53799998;5,60100842
0,53899998;6,72059488
0,53999998;6,72059488
0,54099998;7,84018135
0,54199998;8,96284389
0,54299998;10,08243084
0,54399998;11,20201683
0,54499998;12,32467842
0,54599998;13,44426537
0,54699998;14,56385231
0,54799998;15,68343925
0,54899998;16,80610085
0,54999998;17,92568779
0,55099998;19,04527283
0,55199998;20,16793633
0,55299998;20,16793633
0,55399998;21,28752327
0,55499998;22,40711021
0,55599998;23,52669716
0,55699998;23,52669716
0,55799998;24,64935684
0,55899998;25,76894569
0,55999998;26,88853073
0,56099998;26,88853073
0,56199998;28,01119423
0,56299997;28,01119423
0,56399997;29,13078117
0,56499997;29,13078117
0,56599997;29,13078117
0,56699997;30,25036621
0,56799997;30,25036621
0,56899997;30,25036621
0,56999997;30,25036621
0,57099997;31,36995316
0,57199997;31,36995316
0,57299997;31,36995316
0,57399997;31,36995316
0,57499997;31,36995316
0,57599997;31,36995316
0,57699997;31,36995316
0,57799997;31,36995316
0,57899997;30,25036621
0,57999997;30,25036621
0,58099997;30,25036621
0,58199997;30,25036621
0,58299997;30,25036621
0,58399997;30,25036621
0,58499997;29,13078117
0,58599997;29,13078117
0,58699997;29,13078117
0,58799997;28,01119423
0,58899997;28,01119423
0,58999997;28,01119423
0,59099997;26,88853073
0,59199997;26,88853073
0,59299997;25,76894569
0,59399997;25,76894569
0,59499997;24,64935684
0,59599997;23,52669716
0,59699997;23,52669716
0,59799997;22,40711021
0,59899997;21,28752327
0,59999997;21,28752327
0,60099997;20,16793633
0,60199997;19,04527283
0,60299997;17,92568779
0,60399997;17,92568779
0,60499997;16,80610085
0,60599997;15,68343925
0,60699997;15,68343925
0,60799997;14,56385231
0,60899997;13,44426537
0,60999997;12,32467842
0,61099997;11,20201683
0,61199997;10,08243084
0,61299997;8,96284389
0,61399997;7,84018135
0,61499997;6,72059488
0,61599997;5,60100842
0,61699997;4,48142195
0,61799997;3,35875964
0,61899997;2,23917317
0,61999997;1,11958659
0,62099997;0,00000000
0,62199997;-1,11958659
0,62299997;-2,23917317
0,62399997;-3,35875964
0,62499997;-4,48142195
0,62599997;-5,60100842
0,62699997;-6,72059488
0,62799997;-7,84018135
0,62899997;-8,96284389
0,62999997;-11,20201683
0,63099997;-12,32467842
0,63199997;-13,44426537
0,63299997;-14,56385231
0,63399997;-15,68343925
0,63499997;-16,80610085
0,63599997;-17,92568779
0,63699997;-19,04527283
0,63799997;-20,16793633
0,63899997;-21,28752327
0,63999997;-21,28752327
0,64099997;-22,40711021
0,64199997;-23,52669716
0,64299997;-24,64935684
0,64399997;-24,64935684
0,64499997;-25,76894569
0,64599997;-26,88853073
0,64699997;-26,88853073
0,64799997;-26,88853073
0,64899997;-28,01119423
0,64999997;-28,01119423
0,65099997;-29,13078117
0,65199997;-29,13078117
0,65299997;-29,13078117
0,65399997;-29,13078117
0,65499997;-29,13078117
0,65599997;-29,13078117
0,65699997;-30,25036621
0,65799997;-30,25036621
0,65899997;-30,25036621
0,65999997;-30,25036621
0,66099997;-29,13078117
0,66199997;-29,13078117
0,66299997;-29,13078117
0,66399997;-29,13078117
0,66499997;-29,13078117
0,66599997;-29,13078117
0,66699997;-29,13078117
0,66799997;-28,01119423
0,66899997;-28,01119423
0,66999997;-28,01119423
0,67099997;-28,01119423
0,67199997;-26,88853073
0,67299997;-25,76894569
0,67399997;-25,76894569
0,67499997;-25,76894569
0,67599997;-25,76894569
0,67699997;-25,76894569
0,67799997;-24,64935684
0,67899997;-25,76894569
0,67999997;-24,64935684
0,68099997;-24,64935684
0,68199997;-23,52669716
0,68299997;-23,52669716
0,68399997;-23,52669716
0,68499997;-23,52669716
0,68599997;-22,40711021
0,68699997;-22,40711021
0,68799997;-21,28752327
0,68899997;-20,16793633
0,68999997;-20,16793633
0,69099997;-19,04527283
0,69199997;-19,04527283
0,69299997;-17,92568779
0,69399997;-16,80610085
0,69499997;-15,68343925
0,69599997;-15,68343925
0,69699997;-15,68343925
0,69799997;-14,56385231
0,69899997;-13,44426537
0,69999997;-12,32467842
0,70099997;-11,20201683
0,70199997;-10,08243084
0,70299997;-8,96284389
0,70399997;-7,84018135
0,70499997;-7,84018135
0,70599997;-5,60100842
0,70699997;-4,48142195
0,70799997;-4,48142195
0,70899997;-3,35875964
0,70999997;-2,23917317
0,71099997;-1,11958659
0,71199997;0,00000000
0,71299997;1,11958659
0,71399997;3,35875964
0,71499997;4,48142195
0,71599997;4,48142195
0,71699997;5,60100842
0,71799997;7,84018135
0,71899997;8,96284389
0,71999997;8,96284389
0,72099997;10,08243084
0,72199997;12,32467842
0,72299997;12,32467842
0,72399997;13,44426537
0,72499997;14,56385231
0,72599997;15,68343925
0,72699997;16,80610085
0,72799997;17,92568779
0,72899997;19,04527283
0,72999997;20,16793633
0,73099997;20,16793633
0,73199997;21,28752327
0,73299997;22,40711021
0,73399997;23,52669716
0,73499997;24,64935684
0,73599997;25,76894569
0,73699997;25,76894569
0,73799997;26,88853073
0,73899997;26,88853073
0,73999997;28,01119423
0,74099997;28,01119423
0,74199997;29,13078117
0,74299997;29,13078117
0,74399997;29,13078117
0,74499997;30,25036621
0,74599997;30,25036621
0,74699997;30,25036621
0,74799997;31,36995316
0,74899997;31,36995316
0,74999997;31,36995316
0,75099997;31,36995316
0,75199997;31,36995316
0,75299997;31,36995316
0,75399997;31,36995316
0,75499997;31,36995316
0,75599997;30,25036621
0,75699997;30,25036621
0,75799997;30,25036621
0,75899997;30,25036621
0,75999997;30,25036621
0,76099997;30,25036621
0,76199997;29,13078117
0,76299997;29,13078117
0,76399997;29,13078117
0,76499997;28,01119423
0,76599997;28,01119423
0,76699997;28,01119423
0,76799997;26,88853073
0,76899997;26,88853073
0,76999997;25,76894569
0,77099997;25,76894569
0,77199997;24,64935684
0,77299997;24,64935684
0,77399997;23,52669716
0,77499997;23,52669716
0,77599997;22,40711021
0,77699997;21,28752327
0,77799997;21,28752327
0,77899997;20,16793633
0,77999997;19,04527283
0,78099997;17,92568779
0,78199997;16,80610085
0,78299997;16,80610085
0,78399997;15,68343925
0,78499997;14,56385231
0,78599997;13,44426537
0,78699997;12,32467842
0,78799997;11,20201683
0,78899997;10,08243084
0,78999997;10,08243084
0,79099997;8,96284389
0,79199997;7,84018135
0,79299997;6,72059488
0,79399997;5,60100842
0,79499997;4,48142195
0,79599997;3,35875964
0,79699997;1,11958659
0,79799997;1,11958659
0,79899997;0,00000000
0,79999997;-1,11958659
0,80099997;-2,23917317
0,80199997;-3,35875964
0,80299997;-5,60100842
0,80399997;-6,72059488
0,80499997;-7,84018135
0,80599997;-8,96284389
0,80699997;-10,08243084
0,80799997;-11,20201683
0,80899997;-12,32467842
0,80999997;-13,44426537
0,81099997;-14,56385231
0,81199997;-15,68343925
0,81299997;-16,80610085
0,81399997;-17,92568779
0,81499997;-19,04527283
0,81599997;-20,16793633
0,81699997;-21,28752327
0,81799997;-21,28752327
0,81899997;-22,40711021
0,81999997;-23,52669716
0,82099997;-24,64935684
0,82199997;-25,76894569
0,82299997;-25,76894569
0,82399997;-25,76894569
0,82499997;-26,88853073
0,82599997;-28,01119423
0,82699997;-28,01119423
0,82799997;-28,01119423
0,82899997;-28,01119423
0,82999997;-29,13078117
0,83099997;-29,13078117
0,83199997;-29,13078117
0,83299997;-29,13078117
0,83399997;-29,13078117
0,83499997;-29,13078117
0,83599997;-30,25036621
0,83699997;-30,25036621
0,83799997;-30,25036621
0,83899997;-29,13078117
0,83999997;-29,13078117
0,84099997;-29,13078117
0,84199997;-29,13078117
0,84299997;-29,13078117
0,84399997;-29,13078117
0,84499997;-28,01119423
0,84599997;-28,01119423
0,84699997;-28,01119423
0,84799997;-28,01119423
0,84899997;-26,88853073
0,84999997;-26,88853073
0,85099997;-26,88853073
0,85199997;-26,88853073
0,85299997;-25,76894569
0,85399997;-25,76894569
0,85499997;-24,64935684
0,85599997;-25,76894569
0,85699997;-24,64935684
0,85799997;-24,64935684
0,85899997;-23,52669716
0,85999997;-23,52669716
0,86099997;-23,52669716
0,86199997;-23,52669716
0,86299997;-23,52669716
0,86399997;-22,40711021
0,86499997;-21,28752327
0,86599997;-21,28752327
0,86699997;-20,16793633
0,86799997;-20,16793633
0,86899997;-19,04527283
0,86999997;-19,04527283
0,87099997;-17,92568779
0,87199997;-16,80610085
0,87299997;-15,68343925
0,87399997;-15,68343925
0,87499997;-14,56385231
0,87599997;-14,56385231
0,87699997;-13,44426537
0,87799997;-12,32467842
0,87899997;-11,20201683
0,87999997;-10,08243084
0,88099997;-8,96284389
0,88199997;-7,84018135
0,88299997;-7,84018135
0,88399997;-6,72059488
0,88499997;-5,60100842
0,88599997;-4,48142195
0,88699997;-3,35875964
0,88799997;-2,23917317
0,88899997;-1,11958659
0,88999997;1,11958659
0,89099997;2,23917317
0,89199997;2,23917317
0,89299997;3,35875964
0,89399997;5,60100842
0,89499997;5,60100842
0,89599997;6,72059488
0,89699997;7,84018135
0,89799997;8,96284389
0,89899997;10,08243084
0,89999997;11,20201683
0,90099997;13,44426537
0,90199997;14,56385231
0,90299997;15,68343925
0,90399997;15,68343925
0,90499997;16,80610085
0,90599997;17,92568779
0,90699997;19,04527283
0,90799997;20,16793633
0,90899997;20,16793633
0,90999997;22,40711021
0,91099997;22,40711021
0,91199997;23,52669716
0,91299997;24,64935684
0,91399997;25,76894569
0,91499997;25,76894569
0,91599996;25,76894569
0,91699996;26,88853073
0,91799996;28,01119423
0,91899996;29,13078117
0,91999996;29,13078117
0,92099996;29,13078117
0,92199996;30,25036621
0,92299996;30,25036621
0,92399996;30,25036621
0,92499996;30,25036621
0,92599996;30,25036621
0,92699996;31,36995316
0,92799996;31,36995316
0,92899996;31,36995316
0,92999996;31,36995316
0,93099996;31,36995316
0,93199996;31,36995316
0,93299996;31,36995316
0,93399996;30,25036621
0,93499996;30,25036621
0,93599996;30,25036621
0,93699996;30,25036621
0,93799996;30,25036621
0,93899996;30,25036621
0,93999996;29,13078117
0,94099996;29,13078117
0,94199996;29,13078117
0,94299996;29,13078117
0,94399996;28,01119423
0,94499996;28,01119423
0,94599996;28,01119423
0,94699996;26,88853073
0,94799996;25,76894569
0,94899996;25,76894569
0,94999996;24,64935684
0,95099996;23,52669716
0,95199996;23,52669716
0,95299996;23,52669716
0,95399996;22,40711021
0,95499996;21,28752327
0,95599996;20,16793633
0,95699996;20,16793633
0,95799996;19,04527283
0,95899996;17,92568779
0,95999996;17,92568779
0,96099996;16,80610085
0,96199996;15,68343925
0,96299996;14,56385231
0,96399996;13,44426537
0,96499996;12,32467842
0,96599996;11,20201683
0,96699996;11,20201683
0,96799996;10,08243084
0,96899996;8,96284389
0,96999996;7,84018135
0,97099996;6,72059488
0,97199996;5,60100842
0,97299996;4,48142195
0,97399996;2,23917317
0,97499996;2,23917317
0,97599996;0,00000000
0,97699996;-1,11958659
0,97799996;-2,23917317
0,97899996;-3,35875964
0,97999996;-4,48142195
0,98099996;-5,60100842
0,98199996;-6,72059488
0,98299996;-7,84018135
0,98399996;-8,96284389
0,98499996;-10,08243084
0,98599996;-11,20201683
0,98699996;-12,32467842
0,98799996;-13,44426537
0,98899996;-14,56385231
0,98999996;-15,68343925
0,99099996;-16,80610085
0,99199996;-17,92568779
0,99299996;-19,04527283
0,99399996;-20,16793633
0,99499996;-21,28752327
0,99599996;-22,40711021
0,99699996;-23,52669716
0,99799996;-23,52669716
0,99899996;-24,64935684
0,99999996;-24,64935684
1,00099996;-25,76894569
1,00199996;-25,76894569
1,00299996;-26,88853073
1,00399996;-26,88853073
1,00499996;-28,01119423
1,00599996;-28,01119423
1,00699996;-29,13078117
1,00799996;-29,13078117
1,00899996;-29,13078117
1,00999996;-29,13078117
1,01099996;-29,13078117
1,01199996;-29,13078117
1,01299996;-29,13078117
1,01399996;-29,13078117
1,01499996;-30,25036621
1,01599996;-30,25036621
1,01699996;-29,13078117
1,01799996;-29,13078117
1,01899996;-29,13078117
1,01999996;-29,13078117
1,02099996;-29,13078117
1,02199996;-29,13078117
1,02299996;-28,01119423
1,02399996;-28,01119423
1,02499996;-28,01119423
1,02599996;-28,01119423
1,02699996;-28,01119423
1,02799996;-26,88853073
1,02899996;-26,88853073
1,02999996;-25,76894569
1,03099996;-25,76894569
1,03199996;-25,76894569
1,03299996;-25,76894569
1,03399996;-24,64935684
1,03499996;-24,64935684
1,03599996;-24,64935684
1,03699996;-24,64935684
1,03799996;-23,52669716
1,03899996;-23,52669716
1,03999996;-23,52669716
1,04099996;-23,52669716
1,04199996;-22,40711021
1,04299996;-22,40711021
1,04399996;-21,28752327
1,04499996;-20,16793633
1,04599996;-20,16793633
1,04699996;-19,04527283
1,04799996;-17,92568779
1,04899996;-17,92568779
1,04999996;-16,80610085
1,05099996;-15,68343925
1,05199996;-15,68343925
1,05299996;-14,56385231
1,05399996;-14,56385231
1,05499996;-12,32467842
1,05599996;-11,20201683
1,05699996;-11,20201683
1,05799996;-10,08243084
1,05899996;-8,96284389
1,05999996;-7,84018135
1,06099996;-7,84018135
1,06199996;-6,72059488
1,06299996;-4,48142195
1,06399996;-4,48142195
1,06499996;-2,23917317
1,06599996;-1,11958659
1,06699996;0,00000000
1,06799996;1,11958659
1,06899996;1,11958659
1,06999996;3,35875964
1,07099996;4,48142195
1,07199996;5,60100842
1,07299996;6,72059488
1,07399996;7,84018135
1,07499996;7,84018135
1,07599996;8,96284389
1,07699996;11,20201683
1,07799996;12,32467842
1,07899996;13,44426537
1,07999996;13,44426537
1,08099996;15,68343925
1,08199996;16,80610085
1,08299996;16,80610085
1,08399996;17,92568779
1,08499996;19,04527283
1,08599996;20,16793633
1,08699996;21,28752327
1,08799996;22,40711021
1,08899996;22,40711021
1,08999996;23,52669716
1,09099996;24,64935684
1,09199996;24,64935684
1,09299996;25,76894569
1,09399996;26,88853073
1,09499996;26,88853073
1,09599996;28,01119423
1,09699996;28,01119423
1,09799996;29,13078117
1,09899996;29,13078117
1,09999996;29,13078117
1,10099996;29,13078117
1,10199996;30,25036621
1,10299996;30,25036621
1,10399996;30,25036621
1,10499996;31,36995316
1,10599996;31,36995316
1,10699996;31,36995316
1,10799996;31,36995316
1,10899996;31,36995316
1,10999996;31,36995316
1,11099996;31,36995316
1,11199996;30,25036621
1,11299996;31,36995316
1,11399996;30,25036621
1,11499996;30,25036621
1,11599996;30,25036621
1,11699996;29,13078117
1,11799996;29,13078117
1,11899996;29,13078117
1,11999996;29,13078117
1,12099996;29,13078117
1,12199996;28,01119423
1,12299996;28,01119423
1,12399996;26,88853073
1,12499996;26,88853073
1,12599996;25,76894569
1,12699996;25,76894569
1,12799996;24,64935684
1,12899996;24,64935684
1,12999996;23,52669716
1,13099996;23,52669716
1,13199996;22,40711021
1,13299996;21,28752327
1,13399996;20,16793633
1,13499996;20,16793633
1,13599996;19,04527283
1,13699996;17,92568779
1,13799996;16,80610085
1,13899996;15,68343925
1,13999996;15,68343925
1,14099996;14,56385231
1,14199996;13,44426537
1,14299996;12,32467842
1,14399996;11,20201683
1,14499996;10,08243084
1,14599996;8,96284389
1,14699996;7,84018135
1,14799996;7,84018135
1,14899996;5,60100842
1,14999996;4,48142195
1,15099996;4,48142195
1,15199996;3,35875964
1,15299996;1,11958659
1,15399996;0,00000000
1,15499996;-1,11958659
1,15599996;-2,23917317
1,15699996;-3,35875964
1,15799996;-4,48142195
1,15899996;-5,60100842
1,15999996;-6,72059488
1,16099996;-7,84018135
1,16199996;-8,96284389
1,16299996;-10,08243084
1,16399996;-11,20201683
1,16499996;-12,32467842
1,16599996;-13,44426537
1,16699996;-14,56385231
1,16799996;-15,68343925
1,16899996;-16,80610085
1,16999996;-17,92568779
1,17099996;-19,04527283
1,17199996;-20,16793633
1,17299996;-21,28752327
1,17399996;-22,40711021
1,17499996;-23,52669716
1,17599996;-24,64935684
1,17699996;-24,64935684
1,17799996;-24,64935684
1,17899996;-25,76894569
1,17999996;-26,88853073
1,18099996;-26,88853073
1,18199996;-26,88853073
1,18299996;-28,01119423
1,18399996;-28,01119423
1,18499996;-29,13078117
1,18599996;-29,13078117
1,18699996;-29,13078117
1,18799996;-30,25036621
1,18899996;-30,25036621
1,18999996;-29,13078117
1,19099996;-29,13078117
1,19199996;-29,13078117
1,19299996;-29,13078117
1,19399996;-29,13078117
1,19499996;-29,13078117
1,19599996;-29,13078117
1,19699996;-29,13078117
1,19799996;-29,13078117
1,19899996;-29,13078117
1,19999996;-29,13078117
1,20099996;-28,01119423
1,20199996;-28,01119423
1,20299996;-28,01119423
1,20399996;-28,01119423
1,20499996;-26,88853073
1,20599996;-26,88853073
1,20699996;-26,88853073
1,20799996;-25,76894569
1,20899996;-25,76894569
1,20999996;-25,76894569
1,21099996;-25,76894569
1,21199996;-24,64935684
1,21299996;-24,64935684
1,21399996;-24,64935684
1,21499996;-23,52669716
1,21599996;-24,64935684
1,21699996;-23,52669716
1,21799996;-23,52669716
1,21899996;-23,52669716
1,21999996;-22,40711021
1,22099996;-21,28752327
1,22199996;-20,16793633
1,22299996;-20,16793633
1,22399996;-19,04527283
1,22499996;-19,04527283
1,22599996;-17,92568779
1,22699996;-17,92568779
1,22799996;-16,80610085
1,22899996;-15,68343925
1,22999996;-15,68343925
1,23099996;-14,56385231
1,23199996;-13,44426537
1,23299996;-13,44426537
1,23399996;-11,20201683
1,23499996;-11,20201683
1,23599996;-10,08243084
1,23699996;-8,96284389
1,23799996;-7,84018135
1,23899996;-6,72059488
1,23999996;-5,60100842
1,24099996;-4,48142195
1,24199996;-3,35875964
1,24299996;-2,23917317
1,24399996;-1,11958659
1,24499996;-1,11958659
1,24599996;1,11958659
1,24699996;2,23917317
1,24799996;3,35875964
1,24899996;4,48142195
1,24999996;5,60100842
1,25099996;6,72059488
1,25199996;7,84018135
1,25299996;8,96284389
1,25399996;10,08243084
1,25499996;11,20201683
1,25599996;12,32467842
1,25699996;13,44426537
1,25799996;14,56385231
1,25899996;15,68343925
1,25999996;16,80610085
1,26099996;16,80610085
1,26199996;17,92568779
1,26299996;20,16793633
1,26399996;20,16793633
1,26499996;21,28752327
1,26599996;22,40711021
1,26699996;22,40711021
1,26799996;23,52669716
1,26899996;24,64935684
1,26999995;25,76894569
1,27099995;26,88853073
1,27199995;26,88853073
1,27299995;26,88853073
1,27399995;28,01119423
1,27499995;29,13078117
1,27599995;29,13078117
1,27699995;29,13078117
1,27799995;29,13078117
1,27899995;30,25036621
1,27999995;30,25036621
1,28099995;31,36995316
1,28199995;30,25036621
1,28299995;30,25036621
1,28399995;31,36995316
1,28499995;31,36995316
1,28599995;31,36995316
1,28699995;31,36995316
1,28799995;31,36995316
1,28899995;31,36995316
1,28999995;30,25036621
1,29099995;30,25036621
1,29199995;30,25036621
1,29299995;30,25036621
1,29399995;30,25036621
1,29499995;30,25036621
1,29599995;29,13078117
1,29699995;29,13078117
1,29799995;29,13078117
1,29899995;29,13078117
1,29999995;28,01119423
1,30099995;28,01119423
1,30199995;28,01119423
1,30299995;26,88853073
1,30399995;25,76894569
1,30499995;24,64935684
1,30599995;24,64935684
1,30699995;24,64935684
1,30799995;23,52669716
1,30899995;22,40711021
1,30999995;22,40711021
1,31099995;21,28752327
1,31199995;21,28752327
1,31299995;20,16793633
1,31399995;19,04527283
1,31499995;17,92568779
1,31599995;16,80610085
1,31699995;15,68343925
1,31799995;14,56385231
1,31899995;14,56385231
1,31999995;13,44426537
1,32099995;12,32467842
1,32199995;11,20201683
1,32299995;10,08243084
1,32399995;8,96284389
1,32499995;7,84018135
1,32599995;6,72059488
1,32699995;5,60100842
1,32799995;4,48142195
1,32899995;3,35875964
1,32999995;2,23917317
1,33099995;1,11958659
1,33199995;0,00000000
1,33299995;-1,11958659
1,33399995;-2,23917317
1,33499995;-3,35875964
1,33599995;-4,48142195
1,33699995;-5,60100842
1,33799995;-6,72059488
1,33899995;-7,84018135
1,33999995;-8,96284389
1,34099995;-10,08243084
1,34199995;-11,20201683
1,34299995;-12,32467842
1,34399995;-13,44426537
1,34499995;-14,56385231
1,34599995;-15,68343925
1,34699995;-17,92568779
1,34799995;-17,92568779
1,34899995;-19,04527283
1,34999995;-20,16793633
1,35099995;-21,28752327
1,35199995;-22,40711021
1,35299995;-23,52669716
1,35399995;-23,52669716
1,35499995;-24,64935684
1,35599995;-25,76894569
1,35699995;-25,76894569
1,35799995;-26,88853073
1,35899995;-26,88853073
1,35999995;-28,01119423
1,36099995;-28,01119423
1,36199995;-28,01119423
1,36299995;-28,01119423
1,36399995;-29,13078117
1,36499995;-29,13078117
1,36599995;-29,13078117
1,36699995;-29,13078117
1,36799995;-29,13078117
1,36899995;-29,13078117
1,36999995;-30,25036621
1,37099995;-29,13078117
1,37199995;-29,13078117
1,37299995;-29,13078117
1,37399995;-29,13078117
1,37499995;-29,13078117
1,37599995;-29,13078117
1,37699995;-29,13078117
1,37799995;-28,01119423
1,37899995;-28,01119423
1,37999995;-28,01119423
1,38099995;-28,01119423
1,38199995;-28,01119423
1,38299995;-26,88853073
1,38399995;-26,88853073
1,38499995;-26,88853073
1,38599995;-25,76894569
1,38699995;-25,76894569
1,38799995;-25,76894569
1,38899995;-25,76894569
1,38999995;-24,64935684
1,39099995;-24,64935684
1,39199995;-24,64935684
1,39299995;-24,64935684
1,39399995;-23,52669716
1,39499995;-23,52669716
1,39599995;-23,52669716
1,39699995;-23,52669716
1,39799995;-22,40711021
1,39899995;-21,28752327
1,39999995;-21,28752327
1,40099995;-20,16793633
1,40199995;-19,04527283
1,40299995;-19,04527283
1,40399995;-17,92568779
1,40499995;-17,92568779
1,40599995;-16,80610085
1,40699995;-15,68343925
1,40799995;-15,68343925
1,40899995;-14,56385231
1,40999995;-13,44426537
1,41099995;-13,44426537
1,41199995;-12,32467842
1,41299995;-11,20201683
1,41399995;-8,96284389
1,41499995;-7,84018135
1,41599995;-7,84018135
1,41699995;-6,72059488
1,41799995;-5,60100842
1,41899995;-4,48142195
1,41999995;-3,35875964
1,42099995;-2,23917317
1,42199995;-1,11958659
1,42299995;0,00000000
1,42399995;1,11958659
1,42499995;2,23917317
1,42599995;3,35875964
1,42699995;4,48142195
1,42799995;5,60100842
1,42899995;6,72059488
1,42999995;7,84018135
1,43099995;8,96284389
1,43199995;10,08243084
1,43299995;11,20201683
1,43399995;12,32467842
1,43499995;13,44426537
1,43599995;14,56385231
1,43699995;15,68343925
1,43799995;16,80610085
1,43899995;17,92568779
1,43999995;19,04527283
1,44099995;20,16793633
1,44199995;20,16793633
1,44299995;21,28752327
1,44399995;22,40711021
1,44499995;23,52669716
1,44599995;23,52669716
1,44699995;24,64935684
1,44799995;25,76894569
1,44899995;25,76894569
1,44999995;26,88853073
1,45099995;26,88853073
1,45199995;28,01119423
1,45299995;29,13078117
1,45399995;29,13078117
1,45499995;29,13078117
1,45599995;30,25036621
1,45699995;30,25036621
1,45799995;30,25036621
1,45899995;30,25036621
1,45999995;31,36995316
1,46099995;31,36995316
1,46199995;31,36995316
1,46299995;31,36995316
1,46399995;31,36995316
1,46499995;31,36995316
1,46599995;31,36995316
1,46699995;31,36995316
1,46799995;30,25036621
1,46899995;30,25036621
1,46999995;30,25036621
1,47099995;30,25036621
1,47199995;30,25036621
1,47299995;29,13078117
1,47399995;29,13078117
1,47499995;29,13078117
1,47599995;29,13078117
1,47699995;28,01119423
1,47799995;28,01119423
1,47899995;28,01119423
1,47999995;26,88853073
1,48099995;26,88853073
1,48199995;25,76894569
1,48299995;25,76894569
1,48399995;24,64935684
1,48499995;23,52669716
1,48599995;23,52669716
1,48699995;22,40711021
1,48799995;21,28752327
1,48899995;21,28752327
1,48999995;20,16793633
1,49099995;19,04527283
1,49199995;19,04527283
1,49299995;17,92568779
1,49399995;16,80610085
1,49499995;16,80610085
1,49599995;15,68343925
1,49699995;14,56385231
1,49799995;13,44426537
1,49899995;12,32467842
1,49999995;11,20201683
1,50099995;10,08243084
1,50199995;8,96284389
1,50299995;7,84018135
1,50399995;6,72059488
1,50499995;5,60100842
1,50599995;4,48142195
1,50699995;3,35875964
1,50799995;2,23917317
1,50899995;1,11958659
1,50999995;0,00000000
1,51099995;-1,11958659
1,51199995;-2,23917317
1,51299995;-3,35875964
1,51399995;-4,48142195
1,51499995;-5,60100842
1,51599995;-6,72059488
1,51699995;-7,84018135
1,51799995;-8,96284389
1,51899995;-11,20201683
1,51999995;-11,20201683
1,52099995;-12,32467842
1,52199995;-14,56385231
1,52299995;-15,68343925
1,52399995;-15,68343925
1,52499995;-16,80610085
1,52599995;-17,92568779
1,52699995;-19,04527283
1,52799995;-20,16793633
1,52899995;-21,28752327
1,52999995;-22,40711021
1,53099995;-23,52669716
1,53199995;-24,64935684
1,53299995;-24,64935684
1,53399995;-25,76894569
1,53499995;-25,76894569
1,53599995;-26,88853073
1,53699995;-26,88853073
1,53799995;-28,01119423
1,53899995;-28,01119423
1,53999995;-28,01119423
1,54099995;-29,13078117
1,54199995;-29,13078117
1,54299995;-29,13078117
1,54399995;-29,13078117
1,54499995;-29,13078117
1,54599995;-29,13078117
1,54699995;-29,13078117
1,54799995;-29,13078117
1,54899995;-29,13078117
1,54999995;-29,13078117
1,55099995;-29,13078117
1,55199995;-29,13078117
1,55299995;-29,13078117
1,55399995;-29,13078117
1,55499995;-29,13078117
1,55599995;-29,13078117
1,55699995;-28,01119423
1,55799995;-28,01119423
1,55899995;-28,01119423
1,55999995;-26,88853073
1,56099995;-26,88853073
1,56199995;-26,88853073
1,56299995;-26,88853073
1,56399995;-25,76894569
1,56499995;-25,76894569
1,56599995;-25,76894569
1,56699995;-25,76894569
1,56799995;-25,76894569
1,56899995;-24,64935684
1,56999995;-24,64935684
1,57099995;-24,64935684
1,57199995;-23,52669716
1,57299995;-23,52669716
1,57399995;-23,52669716
1,57499995;-22,40711021
1,57599995;-22,40711021
1,57699995;-21,28752327
1,57799995;-20,16793633
1,57899995;-20,16793633
1,57999995;-19,04527283
1,58099995;-19,04527283
1,58199995;-17,92568779
1,58299995;-16,80610085
1,58399995;-15,68343925
1,58499995;-15,68343925
1,58599995;-14,56385231
1,58699995;-14,56385231
1,58799995;-13,44426537
1,58899995;-12,32467842
1,58999995;-12,32467842
1,59099995;-11,20201683
1,59199995;-10,08243084
1,59299995;-8,96284389
1,59399995;-6,72059488
1,59499995;-6,72059488
1,59599995;-5,60100842
1,59699995;-4,48142195
1,59799995;-3,35875964
1,59899995;-2,23917317
1,59999995;-1,11958659
1,60099995;0,00000000
1,60199995;1,11958659
1,60299995;2,23917317
1,60399995;3,35875964
1,60499995;4,48142195
1,60599995;5,60100842
1,60699995;6,72059488
1,60799995;7,84018135
1,60899995;8,96284389
1,60999995;10,08243084
1,61099995;11,20201683
1,61199995;12,32467842
1,61299995;13,44426537
1,61399995;14,56385231
1,61499995;15,68343925
1,61599995;16,80610085
1,61699995;17,92568779
1,61799995;19,04527283
1,61899995;19,04527283
1,61999995;20,16793633
1,62099995;21,28752327
1,62199995;22,40711021
1,62299994;23,52669716
1,62399994;24,64935684
1,62499994;24,64935684
1,62599994;25,76894569
1,62699994;26,88853073
1,62799994;26,88853073
1,62899994;26,88853073
1,62999994;28,01119423
1,63099994;29,13078117
1,63199994;29,13078117
1,63299994;30,25036621
1,63399994;30,25036621
1,63499994;30,25036621
1,63599994;30,25036621
1,63699994;30,25036621
1,63799994;31,36995316
1,63899994;31,36995316
1,63999994;31,36995316
1,64099994;31,36995316
1,64199994;31,36995316
1,64299994;31,36995316
1,64399994;31,36995316
1,64499994;31,36995316
1,64599994;30,25036621
1,64699994;31,36995316
1,64799994;31,36995316
1,64899994;30,25036621
1,64999994;30,25036621
1,65099994;29,13078117
1,65199994;29,13078117
1,65299994;29,13078117
1,65399994;29,13078117
1,65499994;28,01119423
1,65599994;28,01119423
1,65699994;28,01119423
1,65799994;26,88853073
1,65899994;26,88853073
1,65999994;25,76894569
1,66099994;24,64935684
1,66199994;24,64935684
1,66299994;24,64935684
1,66399994;23,52669716
1,66499994;22,40711021
1,66599994;21,28752327
1,66699994;21,28752327
1,66799994;20,16793633
1,66899994;19,04527283
1,66999994;17,92568779
1,67099994;17,92568779
1,67199994;16,80610085
1,67299994;16,80610085
1,67399994;14,56385231
1,67499994;13,44426537
1,67599994;12,32467842
1,67699994;12,32467842
1,67799994;11,20201683
1,67899994;10,08243084
1,67999994;8,96284389
1,68099994;7,84018135
1,68199994;6,72059488
1,68299994;5,60100842
1,68399994;4,48142195
1,68499994;3,35875964
1,68599994;2,23917317
1,68699994;1,11958659
1,68799994;0,00000000
1,68899994;-1,11958659
1,68999994;-2,23917317
1,69099994;-3,35875964
1,69199994;-4,48142195
1,69299994;-6,72059488
1,69399994;-6,72059488
1,69499994;-7,84018135
1,69599994;-8,96284389
1,69699994;-11,20201683
1,69799994;-11,20201683
1,69899994;-13,44426537
1,69999994;-14,56385231
1,70099994;-14,56385231
1,70199994;-16,80610085
1,70299994;-17,92568779
1,70399994;-17,92568779
1,70499994;-19,04527283
1,70599994;-20,16793633
1,70699994;-21,28752327
1,70799994;-22,40711021
1,70899994;-23,52669716
1,70999994;-23,52669716
1,71099994;-24,64935684
1,71199994;-25,76894569
1,71299994;-25,76894569
1,71399994;-26,88853073
1,71499994;-26,88853073
1,71599994;-28,01119423
1,71699994;-28,01119423
1,71799994;-28,01119423
1,71899994;-28,01119423
1,71999994;-29,13078117
1,72099994;-29,13078117
1,72199994;-29,13078117
1,72299994;-29,13078117
1,72399994;-29,13078117
1,72499994;-30,25036621
1,72599994;-29,13078117
1,72699994;-29,13078117
1,72799994;-30,25036621
1,72899994;-29,13078117
1,72999994;-29,13078117
1,73099994;-29,13078117
1,73199994;-29,13078117
1,73299994;-29,13078117
1,73399994;-29,13078117
1,73499994;-28,01119423
1,73599994;-28,01119423
1,73699994;-28,01119423
1,73799994;-28,01119423
1,73899994;-26,88853073
1,73999994;-26,88853073
1,74099994;-26,88853073
1,74199994;-25,76894569
1,74299994;-25,76894569
1,74399994;-25,76894569
1,74499994;-25,76894569
1,74599994;-24,64935684
1,74699994;-24,64935684
1,74799994;-24,64935684
1,74899994;-24,64935684
1,74999994;-23,52669716
1,75099994;-23,52669716
1,75199994;-23,52669716
1,75299994;-22,40711021
1,75399994;-22,40711021
1,75499994;-21,28752327
1,75599994;-20,16793633
1,75699994;-20,16793633
1,75799994;-19,04527283
1,75899994;-17,92568779
1,75999994;-17,92568779
1,76099994;-16,80610085
1,76199994;-15,68343925
1,76299994;-15,68343925
1,76399994;-14,56385231
1,76499994;-14,56385231
1,76599994;-13,44426537
1,76699994;-12,32467842
1,76799994;-11,20201683
1,76899994;-10,08243084
1,76999994;-8,96284389
1,77099994;-8,96284389
1,77199994;-7,84018135
1,77299994;-6,72059488
1,77399994;-5,60100842
1,77499994;-4,48142195
1,77599994;-3,35875964
1,77699994;-2,23917317
1,77799994;-1,11958659
1,77899994;0,00000000
1,77999994;1,11958659
1,78099994;2,23917317
1,78199994;3,35875964
1,78299994;4,48142195
1,78399994;5,60100842
1,78499994;6,72059488
1,78599994;7,84018135
1,78699994;8,96284389
1,78799994;10,08243084
1,78899994;11,20201683
1,78999994;12,32467842
1,79099994;13,44426537
1,79199994;14,56385231
1,79299994;15,68343925
1,79399994;16,80610085
1,79499994;17,92568779
1,79599994;19,04527283
1,79699994;20,16793633
1,79799994;21,28752327
1,79899994;21,28752327
1,79999994;22,40711021
1,80099994;23,52669716
1,80199994;23,52669716
1,80299994;24,64935684
1,80399994;25,76894569
1,80499994;25,76894569
1,80599994;26,88853073
1,80699994;28,01119423
1,80799994;28,01119423
1,80899994;29,13078117
1,80999994;29,13078117
1,81099994;30,25036621
1,81199994;30,25036621
1,81299994;30,25036621
1,81399994;30,25036621
1,81499994;30,25036621
1,81599994;30,25036621
1,81699994;31,36995316
1,81799994;31,36995316
1,81899994;31,36995316
1,81999994;31,36995316
1,82099994;30,25036621
1,82199994;30,25036621
1,82299994;31,36995316
1,82399994;31,36995316
1,82499994;30,25036621
1,82599994;30,25036621
1,82699994;30,25036621
1,82799994;30,25036621
1,82899994;30,25036621
1,82999994;29,13078117
1,83099994;29,13078117
1,83199994;29,13078117
1,83299994;29,13078117
1,83399994;28,01119423
1,83499994;26,88853073
1,83599994;26,88853073
1,83699994;25,76894569
1,83799994;25,76894569
1,83899994;24,64935684
1,83999994;24,64935684
1,84099994;23,52669716
1,84199994;23,52669716
1,84299994;22,40711021
1,84399994;21,28752327
1,84499994;21,28752327
1,84599994;20,16793633
1,84699994;19,04527283
1,84799994;17,92568779
1,84899994;17,92568779
1,84999994;16,80610085
1,85099994;15,68343925
1,85199994;14,56385231
1,85299994;13,44426537
1,85399994;13,44426537
1,85499994;12,32467842
1,85599994;11,20201683
1,85699994;10,08243084
1,85799994;8,96284389
1,85899994;6,72059488
1,85999994;6,72059488
1,86099994;5,60100842
1,86199994;4,48142195
1,86299994;3,35875964
1,86399994;2,23917317
1,86499994;1,11958659
1,86599994;0,00000000
1,86699994;-1,11958659
1,86799994;-2,23917317
1,86899994;-3,35875964
1,86999994;-4,48142195
1,87099994;-5,60100842
1,87199994;-7,84018135
1,87299994;-8,96284389
1,87399994;-10,08243084
1,87499994;-11,20201683
1,87599994;-12,32467842
1,87699994;-13,44426537
1,87799994;-14,56385231
1,87899994;-14,56385231
1,87999994;-16,80610085
1,88099994;-17,92568779
1,88199994;-19,04527283
1,88299994;-20,16793633
1,88399994;-21,28752327
1,88499994;-21,28752327
1,88599994;-22,40711021
1,88699994;-23,52669716
1,88799994;-24,64935684
1,88899994;-24,64935684
1,88999994;-25,76894569
1,89099994;-26,88853073
1,89199994;-26,88853073
1,89299994;-28,01119423
1,89399994;-28,01119423
1,89499994;-28,01119423
1,89599994;-28,01119423
1,89699994;-29,13078117
1,89799994;-29,13078117
1,89899994;-29,13078117
1,89999994;-29,13078117
1,90099994;-30,25036621
1,90199994;-29,13078117
1,90299994;-29,13078117
1,90399994;-29,13078117
1,90499994;-30,25036621
1,90599994;-29,13078117
1,90699994;-29,13078117
1,90799994;-29,13078117
1,90899994;-29,13078117
1,90999994;-29,13078117
1,91099994;-29,13078117
1,91199994;-28,01119423
1,91299994;-28,01119423
1,91399994;-28,01119423
1,91499994;-28,01119423
1,91599994;-26,88853073
1,91699994;-26,88853073
1,91799994;-26,88853073
1,91899994;-26,88853073
1,91999994;-25,76894569
1,92099994;-25,76894569
1,92199994;-25,76894569
1,92299994;-24,64935684
1,92399994;-24,64935684
1,92499994;-24,64935684
1,92599994;-24,64935684
1,92699994;-24,64935684
1,92799994;-23,52669716
1,92899994;-23,52669716
1,92999994;-23,52669716
1,93099994;-22,40711021
1,93199994;-22,40711021
1,93299994;-21,28752327
1,93399994;-20,16793633
1,93499994;-20,16793633
1,93599994;-19,04527283
1,93699994;-19,04527283
1,93799994;-17,92568779
1,93899994;-16,80610085
1,93999994;-16,80610085
1,94099994;-15,68343925
1,94199994;-14,56385231
1,94299994;-13,44426537
1,94399994;-13,44426537
1,94499994;-12,32467842
1,94599994;-11,20201683
1,94699994;-10,08243084
1,94799994;-10,08243084
1,94899994;-8,96284389
1,94999994;-7,84018135
1,95099994;-6,72059488
1,95199994;-4,48142195
1,95299994;-4,48142195
1,95399994;-3,35875964
1,95499994;-2,23917317
1,95599994;0,00000000
1,95699994;0,00000000
1,95799994;1,11958659
1,95899994;2,23917317
1,95999994;3,35875964
1,96099994;5,60100842
1,96199994;5,60100842
1,96299994;6,72059488
1,96399994;8,96284389
1,96499994;10,08243084
1,96599994;10,08243084
1,96699994;11,20201683
1,96799994;13,44426537
1,96899994;14,56385231
1,96999994;14,56385231
1,97099994;15,68343925
1,97199994;16,80610085
1,97299994;17,92568779
1,97399994;19,04527283
1,97499994;20,16793633
1,97599994;21,28752327
1,97699993;21,28752327
1,97799993;22,40711021
1,97899993;23,52669716
1,97999993;24,64935684
1,98099993;25,76894569
1,98199993;25,76894569
1,98299993;25,76894569
1,98399993;28,01119423
1,98499993;28,01119423
1,98599993;28,01119423
1,98699993;28,01119423
1,98799993;29,13078117
1,98899993;29,13078117
1,98999993;29,13078117
1,99099993;30,25036621
1,99199993;30,25036621
1,99299993;30,25036621
1,99399993;30,25036621
1,99499993;30,25036621
1,99599993;30,25036621
1,99699993;31,36995316
1,99799993;31,36995316
1,99899993;31,36995316
1,99999993;30,25036621
2,00099993;31,36995316
2,00199993;31,36995316
2,00299993;30,25036621
2,00399993;30,25036621
2,00499993;30,25036621
2,00599993;30,25036621
2,00699993;29,13078117
2,00799993;29,13078117
2,00899993;29,13078117
2,00999993;29,13078117
2,01099993;28,01119423
2,01199993;28,01119423
2,01299993;28,01119423
2,01399993;26,88853073
2,01499993;25,76894569
2,01599993;25,76894569
2,01699993;24,64935684
2,01799993;24,64935684
2,01899993;23,52669716
2,01999993;22,40711021
2,02099993;22,40711021
2,02199993;21,28752327
2,02299993;21,28752327
2,02399993;20,16793633
2,02499993;19,04527283
2,02599993;17,92568779
2,02699993;17,92568779
2,02799993;16,80610085
2,02899993;15,68343925
2,02999993;14,56385231
2,03099993;13,44426537
2,03199993;12,32467842
2,03299993;11,20201683
2,03399993;11,20201683
2,03499993;10,08243084
2,03599993;8,96284389
2,03699993;7,84018135
2,03799993;6,72059488
2,03899993;5,60100842
2,03999993;4,48142195
2,04099993;3,35875964
2,04199993;1,11958659
2,04299993;1,11958659
2,04399993;0,00000000
2,04499993;-1,11958659
2,04599993;-3,35875964
2,04699993;-4,48142195
2,04799993;-5,60100842
2,04899993;-6,72059488
2,04999993;-6,72059488
2,05099993;-8,96284389
2,05199993;-10,08243084
2,05299993;-11,20201683
2,05399993;-12,32467842
2,05499993;-13,44426537
2,05599993;-14,56385231
2,05699993;-15,68343925
2,05799993;-16,80610085
2,05899993;-17,92568779
2,05999993;-19,04527283
2,06099993;-19,04527283
2,06199993;-20,16793633
2,06299993;-21,28752327
2,06399993;-22,40711021
2,06499993;-23,52669716
2,06599993;-24,64935684
2,06699993;-24,64935684
2,06799993;-25,76894569
2,06899993;-26,88853073
2,06999993;-26,88853073
2,07099993;-26,88853073
2,07199993;-28,01119423
2,07299993;-28,01119423
2,07399993;-28,01119423
2,07499993;-29,13078117
2,07599993;-29,13078117
2,07699993;-29,13078117
2,07799993;-29,13078117
2,07899993;-29,13078117
2,07999993;-29,13078117
2,08099993;-29,13078117
2,08199993;-29,13078117
2,08299993;-30,25036621
2,08399993;-30,25036621
2,08499993;-29,13078117
2,08599993;-29,13078117
2,08699993;-29,13078117
2,08799993;-29,13078117
2,08899993;-29,13078117
2,08999993;-28,01119423
2,09099993;-28,01119423
2,09199993;-28,01119423
2,09299993;-28,01119423
2,09399993;-26,88853073
2,09499993;-26,88853073
2,09599993;-26,88853073
2,09699993;-26,88853073
2,09799993;-25,76894569
2,09899993;-25,76894569
2,09999993;-25,76894569
2,10099993;-25,76894569
2,10199993;-24,64935684
2,10299993;-24,64935684
2,10399993;-24,64935684
2,10499993;-24,64935684
2,10599993;-23,52669716
2,10699993;-23,52669716
2,10799993;-23,52669716
2,10899993;-22,40711021
2,10999993;-21,28752327
2,11099993;-21,28752327
2,11199993;-20,16793633
2,11299993;-20,16793633
2,11399993;-19,04527283
2,11499993;-17,92568779
2,11599993;-17,92568779
2,11699993;-16,80610085
2,11799993;-15,68343925
2,11899993;-15,68343925
2,11999993;-14,56385231
2,12099993;-14,56385231
2,12199993;-13,44426537
2,12299993;-12,32467842
2,12399993;-11,20201683
2,12499993;-10,08243084
2,12599993;-8,96284389
2,12699993;-7,84018135
2,12799993;-6,72059488
2,12899993;-5,60100842
2,12999993;-5,60100842
2,13099993;-3,35875964
2,13199993;-3,35875964
2,13299993;-2,23917317
2,13399993;0,00000000
2,13499993;1,11958659
2,13599993;2,23917317
2,13699993;3,35875964
2,13799993;4,48142195
2,13899993;5,60100842
2,13999993;5,60100842
2,14099993;6,72059488
2,14199993;8,96284389
2,14299993;10,08243084
2,14399993;10,08243084
2,14499993;12,32467842
2,14599993;12,32467842
2,14699993;13,44426537
2,14799993;14,56385231
2,14899993;15,68343925
2,14999993;16,80610085
2,15099993;17,92568779
2,15199993;19,04527283
2,15299993;20,16793633
2,15399993;21,28752327
2,15499993;22,40711021
2,15599993;22,40711021
2,15699993;23,52669716
2,15799993;24,64935684
2,15899993;24,64935684
2,15999993;25,76894569
2,16099993;26,88853073
2,16199993;26,88853073
2,16299993;28,01119423
2,16399993;28,01119423
2,16499993;29,13078117
2,16599993;29,13078117
2,16699993;29,13078117
2,16799993;30,25036621
2,16899993;30,25036621
2,16999993;30,25036621
2,17099993;30,25036621
2,17199993;31,36995316
2,17299993;31,36995316
2,17399993;31,36995316
2,17499993;31,36995316
2,17599993;31,36995316
2,17699993;31,36995316
2,17799993;31,36995316
2,17899993;30,25036621
2,17999993;30,25036621
2,18099993;30,25036621
2,18199993;30,25036621
2,18299993;30,25036621
2,18399993;30,25036621
2,18499993;30,25036621
2,18599993;29,13078117
2,18699993;29,13078117
2,18799993;28,01119423
2,18899993;28,01119423
2,18999993;28,01119423
2,19099993;26,88853073
2,19199993;26,88853073
2,19299993;25,76894569
2,19399993;25,76894569
2,19499993;24,64935684
2,19599993;24,64935684
2,19699993;23,52669716
2,19799993;23,52669716
2,19899993;22,40711021
2,19999993;21,28752327
2,20099993;21,28752327
2,20199993;20,16793633
2,20299993;19,04527283
2,20399993;17,92568779
2,20499993;17,92568779
2,20599993;16,80610085
2,20699993;15,68343925
2,20799993;14,56385231
2,20899993;13,44426537
2,20999993;12,32467842
2,21099993;11,20201683
2,21199993;10,08243084
2,21299993;8,96284389
2,21399993;8,96284389
2,21499993;7,84018135
2,21599993;6,72059488
2,21699993;5,60100842
2,21799993;4,48142195
2,21899993;3,35875964
2,21999993;1,11958659
2,22099993;1,11958659
2,22199993;0,00000000
2,22299993;-2,23917317
2,22399993;-3,35875964
2,22499993;-4,48142195
2,22599993;-5,60100842
2,22699993;-6,72059488
2,22799993;-7,84018135
2,22899993;-8,96284389
2,22999993;-10,08243084
2,23099993;-11,20201683
2,23199993;-12,32467842
2,23299993;-13,44426537
2,23399993;-14,56385231
2,23499993;-15,68343925
2,23599993;-16,80610085
2,23699993;-17,92568779
2,23799993;-19,04527283
2,23899993;-20,16793633
2,23999993;-20,16793633
2,24099993;-21,28752327
2,24199993;-22,40711021
2,24299993;-23,52669716
2,24399993;-24,64935684
2,24499993;-25,76894569
2,24599993;-25,76894569
2,24699993;-26,88853073
2,24799993;-26,88853073
2,24899993;-28,01119423
2,24999993;-28,01119423
2,25099993;-28,01119423
2,25199993;-28,01119423
2,25299993;-29,13078117
2,25399993;-29,13078117
2,25499993;-29,13078117
2,25599993;-29,13078117
2,25699993;-30,25036621
2,25799993;-29,13078117
2,25899993;-30,25036621
2,25999993;-30,25036621
2,26099993;-29,13078117
2,26199993;-29,13078117
2,26299993;-29,13078117
2,26399993;-29,13078117
2,26499993;-29,13078117
2,26599993;-29,13078117
2,26699993;-29,13078117
2,26799993;-28,01119423
2,26899993;-28,01119423
2,26999993;-28,01119423
2,27099993;-28,01119423
2,27199993;-26,88853073
2,27299993;-26,88853073
2,27399993;-26,88853073
2,27499993;-26,88853073
2,27599993;-25,76894569
2,27699993;-25,76894569
2,27799993;-25,76894569
2,27899993;-24,64935684
2,27999993;-24,64935684
2,28099993;-24,64935684
2,28199993;-23,52669716
2,28299993;-23,52669716
2,28399993;-23,52669716
2,28499993;-23,52669716
2,28599993;-22,40711021
2,28699993;-22,40711021
2,28799993;-21,28752327
2,28899993;-21,28752327
2,28999993;-20,16793633
2,29099993;-20,16793633
2,29199993;-19,04527283
2,29299993;-19,04527283
2,29399993;-17,92568779
2,29499993;-16,80610085
2,29599993;-15,68343925
2,29699993;-15,68343925
2,29799993;-14,56385231
2,29899993;-13,44426537
2,29999993;-13,44426537
2,30099993;-12,32467842
2,30199993;-11,20201683
2,30299993;-10,08243084
2,30399993;-8,96284389
2,30499993;-7,84018135
2,30599993;-6,72059488
2,30699993;-6,72059488
2,30799993;-5,60100842
2,30899993;-4,48142195
2,30999993;-3,35875964
2,31099993;-2,23917317
2,31199993;-1,11958659
2,31299993;1,11958659
2,31399993;2,23917317
2,31499993;3,35875964
2,31599993;4,48142195
2,31699993;5,60100842
2,31799993;6,72059488
2,31899993;7,84018135
2,31999993;8,96284389
2,32099993;8,96284389
2,32199993;11,20201683
2,32299993;11,20201683
2,32399993;12,32467842
2,32499993;13,44426537
2,32599993;15,68343925
2,32699993;16,80610085
2,32799993;17,92568779
2,32899993;17,92568779
2,32999992;19,04527283
2,33099992;20,16793633
2,33199992;21,28752327
2,33299992;22,40711021
2,33399992;22,40711021
2,33499992;23,52669716
2,33599992;24,64935684
2,33699992;24,64935684
2,33799992;25,76894569
2,33899992;26,88853073
2,33999992;26,88853073
2,34099992;28,01119423
2,34199992;29,13078117
2,34299992;29,13078117
2,34399992;29,13078117
2,34499992;30,25036621
2,34599992;30,25036621
2,34699992;30,25036621
2,34799992;30,25036621
2,34899992;31,36995316
2,34999992;31,36995316
2,35099992;30,25036621
2,35199992;31,36995316
2,35299992;31,36995316
2,35399992;31,36995316
2,35499992;31,36995316
2,35599992;30,25036621
2,35699992;30,25036621
2,35799992;30,25036621
2,35899992;30,25036621
2,35999992;30,25036621
2,36099992;30,25036621
2,36199992;30,25036621
2,36299992;29,13078117
2,36399992;29,13078117
2,36499992;29,13078117
2,36599992;28,01119423
2,36699992;28,01119423
2,36799992;28,01119423
2,36899992;26,88853073
2,36999992;26,88853073
2,37099992;25,76894569
2,37199992;25,76894569
2,37299992;24,64935684
2,37399992;24,64935684
2,37499992;23,52669716
2,37599992;22,40711021
2,37699992;22,40711021
2,37799992;21,28752327
2,37899992;20,16793633
2,37999992;20,16793633
2,38099992;19,04527283
2,38199992;17,92568779
2,38299992;16,80610085
2,38399992;15,68343925
2,38499992;15,68343925
2,38599992;14,56385231
2,38699992;13,44426537
2,38799992;12,32467842
2,38899992;11,20201683
2,38999992;11,20201683
2,39099992;10,08243084
2,39199992;7,84018135
2,39299992;6,72059488
2,39399992;6,72059488
2,39499992;4,48142195
2,39599992;3,35875964
2,39699992;2,23917317
2,39799992;1,11958659
2,39899992;0,00000000
2,39999992;-1,11958659
2,40099992;-2,23917317
2,40199992;-3,35875964
2,40299992;-4,48142195
2,40399992;-5,60100842
2,40499992;-6,72059488
2,40599992;-7,84018135
2,40699992;-8,96284389
2,40799992;-10,08243084
2,40899992;-11,20201683
2,40999992;-12,32467842
2,41099992;-13,44426537
2,41199992;-14,56385231
2,41299992;-15,68343925
2,41399992;-16,80610085
2,41499992;-17,92568779
2,41599992;-19,04527283
2,41699992;-20,16793633
2,41799992;-21,28752327
2,41899992;-21,28752327
2,41999992;-22,40711021
2,42099992;-23,52669716
2,42199992;-24,64935684
2,42299992;-25,76894569
2,42399992;-25,76894569
2,42499992;-26,88853073
2,42599992;-26,88853073
2,42699992;-28,01119423
2,42799992;-28,01119423
2,42899992;-29,13078117
2,42999992;-28,01119423
2,43099992;-28,01119423
2,43199992;-29,13078117
2,43299992;-29,13078117
2,43399992;-29,13078117
2,43499992;-29,13078117
2,43599992;-30,25036621
2,43699992;-30,25036621
2,43799992;-30,25036621
2,43899992;-29,13078117
2,43999992;-29,13078117
2,44099992;-29,13078117
2,44199992;-29,13078117
2,44299992;-29,13078117
2,44399992;-29,13078117
2,44499992;-28,01119423
2,44599992;-28,01119423
2,44699992;-28,01119423
2,44799992;-28,01119423
2,44899992;-28,01119423
2,44999992;-26,88853073
2,45099992;-26,88853073
2,45199992;-26,88853073
2,45299992;-25,76894569
2,45399992;-25,76894569
2,45499992;-25,76894569
2,45599992;-24,64935684
2,45699992;-24,64935684
2,45799992;-24,64935684
2,45899992;-24,64935684
2,45999992;-24,64935684
2,46099992;-23,52669716
2,46199992;-23,52669716
2,46299992;-23,52669716
2,46399992;-23,52669716
2,46499992;-22,40711021
2,46599992;-22,40711021
2,46699992;-21,28752327
2,46799992;-20,16793633
2,46899992;-19,04527283
2,46999992;-19,04527283
2,47099992;-19,04527283
2,47199992;-17,92568779
2,47299992;-16,80610085
2,47399992;-15,68343925
2,47499992;-15,68343925
2,47599992;-14,56385231
2,47699992;-13,44426537
2,47799992;-13,44426537
2,47899992;-12,32467842
2,47999992;-11,20201683
2,48099992;-10,08243084
2,48199992;-8,96284389
2,48299992;-7,84018135
2,48399992;-6,72059488
2,48499992;-5,60100842
2,48599992;-4,48142195
2,48699992;-3,35875964
2,48799992;-2,23917317
2,48899992;-1,11958659
2,48999992;-1,11958659
2,49099992;0,00000000
2,49199992;2,23917317
2,49299992;3,35875964
2,49399992;4,48142195
2,49499992;5,60100842
2,49599992;6,72059488
2,49699992;7,84018135
2,49799992;8,96284389
2,49899992;10,08243084
2,49999992;11,20201683
2,50099992;12,32467842
2,50199992;13,44426537
2,50299992;14,56385231
2,50399992;15,68343925
2,50499992;16,80610085
2,50599992;17,92568779
2,50699992;19,04527283
2,50799992;20,16793633
2,50899992;20,16793633
2,50999992;21,28752327
2,51099992;22,40711021
2,51199992;23,52669716
2,51299992;23,52669716
2,51399992;24,64935684
2,51499992;25,76894569
2,51599992;25,76894569
2,51699992;26,88853073
2,51799992;28,01119423
2,51899992;28,01119423
2,51999992;28,01119423
2,52099992;29,13078117
2,52199992;29,13078117
2,52299992;30,25036621
2,52399992;30,25036621
2,52499992;30,25036621
2,52599992;30,25036621
2,52699992;30,25036621
2,52799992;30,25036621
2,52899992;30,25036621
2,52999992;31,36995316
2,53099992;31,36995316
2,53199992;30,25036621
2,53299992;30,25036621
2,53399992;31,36995316
2,53499992;31,36995316
2,53599992;30,25036621
2,53699992;30,25036621
2,53799992;30,25036621
2,53899992;30,25036621
2,53999992;30,25036621
2,54099992;29,13078117
2,54199992;29,13078117
2,54299992;29,13078117
2,54399992;29,13078117
2,54499992;28,01119423
2,54599992;28,01119423
2,54699992;26,88853073
2,54799992;26,88853073
2,54899992;25,76894569
2,54999992;25,76894569
2,55099992;24,64935684
2,55199992;23,52669716
2,55299992;23,52669716
2,55399992;22,40711021
2,55499992;21,28752327
2,55599992;21,28752327
2,55699992;20,16793633
2,55799992;20,16793633
2,55899992;19,04527283
2,55999992;17,92568779
2,56099992;16,80610085
2,56199992;15,68343925
2,56299992;15,68343925
2,56399992;13,44426537
2,56499992;13,44426537
2,56599992;12,32467842
2,56699992;11,20201683
2,56799992;10,08243084
2,56899992;8,96284389
2,56999992;8,96284389
2,57099992;6,72059488
2,57199992;5,60100842
2,57299992;5,60100842
2,57399992;4,48142195
2,57499992;2,23917317
2,57599992;1,11958659
2,57699992;0,00000000
2,57799992;-1,11958659
2,57899992;-2,23917317
2,57999992;-3,35875964
2,58099992;-4,48142195
2,58199992;-5,60100842
2,58299992;-6,72059488
2,58399992;-7,84018135
2,58499992;-8,96284389
2,58599992;-10,08243084
2,58699992;-11,20201683
2,58799992;-13,44426537
2,58899992;-14,56385231
2,58999992;-15,68343925
2,59099992;-15,68343925
2,59199992;-16,80610085
2,59299992;-17,92568779
2,59399992;-19,04527283
2,59499992;-20,16793633
2,59599992;-21,28752327
2,59699992;-22,40711021
2,59799992;-22,40711021
2,59899992;-23,52669716
2,59999992;-24,64935684
2,60099992;-25,76894569
2,60199992;-25,76894569
2,60299992;-25,76894569
2,60399992;-26,88853073
2,60499992;-28,01119423
2,60599992;-28,01119423
2,60699992;-28,01119423
2,60799992;-28,01119423
2,60899992;-29,13078117
2,60999992;-29,13078117
2,61099992;-29,13078117
2,61199992;-29,13078117
2,61299992;-30,25036621
2,61399992;-29,13078117
2,61499992;-29,13078117
2,61599992;-29,13078117
2,61699992;-29,13078117
2,61799992;-29,13078117
2,61899992;-29,13078117
2,61999992;-29,13078117
2,62099992;-29,13078117
2,62199992;-29,13078117
2,62299992;-28,01119423
2,62399992;-28,01119423
2,62499992;-28,01119423
2,62599992;-26,88853073
2,62699992;-28,01119423
2,62799992;-26,88853073
2,62899992;-26,88853073
2,62999992;-26,88853073
2,63099992;-25,76894569
2,63199992;-25,76894569
2,63299992;-25,76894569
2,63399992;-24,64935684
2,63499992;-24,64935684
2,63599992;-24,64935684
2,63699992;-24,64935684
2,63799992;-24,64935684
2,63899992;-23,52669716
2,63999992;-23,52669716
2,64099992;-23,52669716
2,64199992;-23,52669716
2,64299992;-22,40711021
2,64399992;-21,28752327
2,64499992;-21,28752327
2,64599992;-20,16793633
2,64699992;-19,04527283
2,64799992;-19,04527283
2,64899992;-17,92568779
2,64999992;-17,92568779
2,65099992;-16,80610085
2,65199992;-15,68343925
2,65299992;-15,68343925
2,65399992;-14,56385231
2,65499992;-13,44426537
2,65599992;-12,32467842
2,65699992;-12,32467842
2,65799992;-11,20201683
2,65899992;-10,08243084
2,65999992;-8,96284389
2,66099992;-7,84018135
2,66199992;-6,72059488
2,66299992;-5,60100842
2,66399992;-4,48142195
2,66499992;-3,35875964
2,66599992;-2,23917317
2,66699992;-1,11958659
2,66799992;0,00000000
2,66899992;1,11958659
2,66999992;2,23917317
2,67099992;3,35875964
2,67199992;4,48142195
2,67299992;5,60100842
2,67399992;6,72059488
2,67499992;7,84018135
2,67599992;8,96284389
2,67699992;10,08243084
2,67799992;11,20201683
2,67899992;12,32467842
2,67999992;13,44426537
2,68099992;14,56385231
2,68199992;15,68343925
2,68299992;16,80610085
2,68399991;16,80610085
2,68499991;17,92568779
2,68599991;19,04527283
2,68699991;20,16793633
2,68799991;21,28752327
2,68899991;22,40711021
2,68999991;22,40711021
2,69099991;23,52669716
2,69199991;24,64935684
2,69299991;25,76894569
2,69399991;25,76894569
2,69499991;26,88853073
2,69599991;26,88853073
2,69699991;28,01119423
2,69799991;29,13078117
2,69899991;29,13078117
2,69999991;29,13078117
2,70099991;30,25036621
2,70199991;30,25036621
2,70299991;30,25036621
2,70399991;30,25036621
2,70499991;30,25036621
2,70599991;31,36995316
2,70699991;31,36995316
2,70799991;31,36995316
2,70899991;31,36995316
2,70999991;31,36995316
2,71099991;31,36995316
2,71199991;31,36995316
2,71299991;30,25036621
2,71399991;30,25036621
2,71499991;30,25036621
2,71599991;30,25036621
2,71699991;30,25036621
2,71799991;30,25036621
2,71899991;30,25036621
2,71999991;29,13078117
2,72099991;29,13078117
2,72199991;28,01119423
2,72299991;28,01119423
2,72399991;26,88853073
2,72499991;26,88853073
2,72599991;26,88853073
2,72699991;26,88853073
2,72799991;24,64935684
2,72899991;24,64935684
2,72999991;24,64935684
2,73099991;23,52669716
2,73199991;22,40711021
2,73299991;21,28752327
2,73399991;21,28752327
2,73499991;20,16793633
2,73599991;19,04527283
2,73699991;17,92568779
2,73799991;17,92568779
2,73899991;16,80610085
2,73999991;15,68343925
2,74099991;14,56385231
2,74199991;14,56385231
2,74299991;13,44426537
2,74399991;12,32467842
2,74499991;11,20201683
2,74599991;10,08243084
2,74699991;10,08243084
2,74799991;7,84018135
2,74899991;6,72059488
2,74999991;5,60100842
2,75099991;4,48142195
2,75199991;3,35875964
2,75299991;2,23917317
2,75399991;1,11958659
2,75499991;0,00000000
2,75599991;-1,11958659
2,75699991;-2,23917317
2,75799991;-3,35875964
2,75899991;-4,48142195
2,75999991;-5,60100842
2,76099991;-6,72059488
2,76199991;-7,84018135
2,76299991;-8,96284389
2,76399991;-10,08243084
2,76499991;-11,20201683
2,76599991;-12,32467842
2,76699991;-14,56385231
2,76799991;-14,56385231
2,76899991;-15,68343925
2,76999991;-16,80610085
2,77099991;-17,92568779
2,77199991;-19,04527283
2,77299991;-20,16793633
2,77399991;-21,28752327
2,77499991;-22,40711021
2,77599991;-22,40711021
2,77699991;-23,52669716
2,77799991;-24,64935684
2,77899991;-25,76894569
2,77999991;-25,76894569
2,78099991;-26,88853073
2,78199991;-26,88853073
2,78299991;-28,01119423
2,78399991;-28,01119423
2,78499991;-28,01119423
2,78599991;-28,01119423
2,78699991;-29,13078117
2,78799991;-29,13078117
2,78899991;-29,13078117
2,78999991;-29,13078117
2,79099991;-29,13078117
2,79199991;-30,25036621
2,79299991;-30,25036621
2,79399991;-29,13078117
2,79499991;-29,13078117
2,79599991;-29,13078117
2,79699991;-29,13078117
2,79799991;-29,13078117
2,79899991;-29,13078117
2,79999991;-29,13078117
2,80099991;-28,01119423
2,80199991;-28,01119423
2,80299991;-28,01119423
2,80399991;-28,01119423
2,80499991;-28,01119423
2,80599991;-26,88853073
2,80699991;-26,88853073
2,80799991;-26,88853073
2,80899991;-25,76894569
2,80999991;-25,76894569
2,81099991;-25,76894569
2,81199991;-25,76894569
2,81299991;-24,64935684
2,81399991;-24,64935684
2,81499991;-24,64935684
2,81599991;-24,64935684
2,81699991;-24,64935684
2,81799991;-23,52669716
2,81899991;-23,52669716
2,81999991;-23,52669716
2,82099991;-22,40711021
2,82199991;-21,28752327
2,82299991;-20,16793633
2,82399991;-20,16793633
2,82499991;-19,04527283
2,82599991;-17,92568779
2,82699991;-17,92568779
2,82799991;-16,80610085
2,82899991;-16,80610085
2,82999991;-15,68343925
2,83099991;-14,56385231
2,83199991;-14,56385231
2,83299991;-13,44426537
2,83399991;-12,32467842
2,83499991;-12,32467842
2,83599991;-11,20201683
2,83699991;-10,08243084
2,83799991;-8,96284389
2,83899991;-7,84018135
2,83999991;-6,72059488
2,84099991;-5,60100842
2,84199991;-4,48142195
2,84299991;-3,35875964
2,84399991;-2,23917317
2,84499991;-1,11958659
2,84599991;0,00000000
2,84699991;1,11958659
2,84799991;2,23917317
2,84899991;3,35875964
2,84999991;4,48142195
2,85099991;5,60100842
2,85199991;7,84018135
2,85299991;7,84018135
2,85399991;8,96284389
2,85499991;10,08243084
2,85599991;11,20201683
2,85699991;12,32467842
2,85799991;13,44426537
2,85899991;14,56385231
2,85999991;15,68343925
2,86099991;16,80610085
2,86199991;17,92568779
2,86299991;19,04527283
2,86399991;20,16793633
2,86499991;21,28752327
2,86599991;21,28752327
2,86699991;22,40711021
2,86799991;23,52669716
2,86899991;24,64935684
2,86999991;24,64935684
2,87099991;25,76894569
2,87199991;26,88853073
2,87299991;26,88853073
2,87399991;28,01119423
2,87499991;29,13078117
2,87599991;29,13078117
2,87699991;29,13078117
2,87799991;29,13078117
2,87899991;30,25036621
2,87999991;30,25036621
2,88099991;30,25036621
2,88199991;30,25036621
2,88299991;30,25036621
2,88399991;31,36995316
2,88499991;31,36995316
2,88599991;31,36995316
2,88699991;31,36995316
2,88799991;31,36995316
2,88899991;31,36995316
2,88999991;31,36995316
2,89099991;30,25036621
2,89199991;30,25036621
2,89299991;30,25036621
2,89399991;30,25036621
2,89499991;30,25036621
2,89599991;29,13078117
2,89699991;29,13078117
2,89799991;29,13078117
2,89899991;29,13078117
2,89999991;28,01119423
2,90099991;28,01119423
2,90199991;28,01119423
2,90299991;26,88853073
2,90399991;25,76894569
2,90499991;24,64935684
2,90599991;24,64935684
2,90699991;24,64935684
2,90799991;23,52669716
2,90899991;23,52669716
2,90999991;22,40711021
2,91099991;22,40711021
2,91199991;21,28752327
2,91299991;20,16793633
2,91399991;19,04527283
2,91499991;19,04527283
2,91599991;17,92568779
2,91699991;16,80610085
2,91799991;15,68343925
2,91899991;15,68343925
2,91999991;14,56385231
2,92099991;12,32467842
2,92199991;12,32467842
2,92299991;11,20201683
2,92399991;10,08243084
2,92499991;8,96284389
2,92599991;7,84018135
2,92699991;6,72059488
2,92799991;5,60100842
2,92899991;4,48142195
2,92999991;3,35875964
2,93099991;2,23917317
2,93199991;1,11958659
2,93299991;0,00000000
2,93399991;-1,11958659
2,93499991;-2,23917317
2,93599991;-3,35875964
2,93699991;-4,48142195
2,93799991;-5,60100842
2,93899991;-6,72059488
2,93999991;-8,96284389
2,94099991;-10,08243084
2,94199991;-11,20201683
2,94299991;-12,32467842
2,94399991;-12,32467842
2,94499991;-13,44426537
2,94599991;-15,68343925
2,94699991;-16,80610085
2,94799991;-17,92568779
2,94899991;-19,04527283
2,94999991;-20,16793633
2,95099991;-20,16793633
2,95199991;-21,28752327
2,95299991;-22,40711021
2,95399991;-23,52669716
2,95499991;-24,64935684
2,95599991;-24,64935684
2,95699991;-25,76894569
2,95799991;-25,76894569
2,95899991;-26,88853073
2,95999991;-26,88853073
2,96099991;-28,01119423
2,96199991;-28,01119423
2,96299991;-28,01119423
2,96399991;-29,13078117
2,96499991;-29,13078117
2,96599991;-29,13078117
2,96699991;-29,13078117
2,96799991;-29,13078117
2,96899991;-29,13078117
2,96999991;-30,25036621
2,97099991;-29,13078117
2,97199991;-30,25036621
2,97299991;-29,13078117
2,97399991;-29,13078117
2,97499991;-29,13078117
2,97599991;-29,13078117
2,97699991;-29,13078117
2,97799991;-29,13078117
2,97899991;-29,13078117
2,97999991;-28,01119423
2,98099991;-28,01119423
2,98199991;-28,01119423
2,98299991;-26,88853073
2,98399991;-26,88853073
2,98499991;-26,88853073
2,98599991;-26,88853073
2,98699991;-25,76894569
2,98799991;-25,76894569
2,98899991;-25,76894569
2,98999991;-25,76894569
2,99099991;-24,64935684
2,99199991;-24,64935684
2,99299991;-24,64935684
2,99399991;-23,52669716
2,99499991;-23,52669716
2,99599991;-23,52669716
2,99699991;-23,52669716
2,99799991;-22,40711021
2,99899991;-22,40711021
2,99999991;-21,28752327
3,00099991;-20,16793633
3,00199991;-20,16793633
3,00299991;-19,04527283
3,00399991;-19,04527283
3,00499991;-17,92568779
3,00599991;-16,80610085
3,00699991;-15,68343925
3,00799991;-15,68343925
3,00899991;-14,56385231
3,00999991;-14,56385231
3,01099991;-13,44426537
3,01199991;-12,32467842
3,01299991;-12,32467842
3,01399991;-11,20201683
3,01499991;-8,96284389
3,01599991;-7,84018135
3,01699991;-7,84018135
3,01799991;-6,72059488
3,01899991;-5,60100842
3,01999991;-4,48142195
3,02099991;-3,35875964
3,02199991;-2,23917317
3,02299991;0,00000000
3,02399991;0,00000000
3,02499991;1,11958659
3,02599991;2,23917317
3,02699991;3,35875964
3,02799991;4,48142195
3,02899991;5,60100842
3,02999991;6,72059488
3,03099991;7,84018135
3,03199991;8,96284389
3,03299991;10,08243084
3,03399991;11,20201683
3,03499991;12,32467842
3,03599991;13,44426537
3,03699991;14,56385231
3,03799990;15,68343925
3,03899990;16,80610085
3,03999990;17,92568779
3,04099990;19,04527283
3,04199990;20,16793633
3,04299990;20,16793633
3,04399990;21,28752327
3,04499990;22,40711021
3,04599990;23,52669716
3,04699990;24,64935684
3,04799990;24,64935684
3,04899990;25,76894569
3,04999990;25,76894569
3,05099990;26,88853073
3,05199990;28,01119423
3,05299990;28,01119423
3,05399990;29,13078117
3,05499990;29,13078117
3,05599990;30,25036621
3,05699990;30,25036621
3,05799990;30,25036621
3,05899990;30,25036621
3,05999990;30,25036621
3,06099990;30,25036621
3,06199990;31,36995316
3,06299990;31,36995316
3,06399990;31,36995316
3,06499990;31,36995316
3,06599990;31,36995316
3,06699990;31,36995316
3,06799990;30,25036621
3,06899990;30,25036621
3,06999990;30,25036621
3,07099990;30,25036621
3,07199990;30,25036621
3,07299990;30,25036621
3,07399990;29,13078117
3,07499990;29,13078117
3,07599990;29,13078117
3,07699990;29,13078117
3,07799990;28,01119423
3,07899990;28,01119423
3,07999990;28,01119423
3,08099990;26,88853073
3,08199990;25,76894569
3,08299990;25,76894569
3,08399990;24,64935684
3,08499990;24,64935684
3,08599990;24,64935684
3,08699990;23,52669716
3,08799990;22,40711021
3,08899990;21,28752327
3,08999990;21,28752327
3,09099990;20,16793633
3,09199990;19,04527283
3,09299990;19,04527283
3,09399990;17,92568779
3,09499990;16,80610085
3,09599990;15,68343925
3,09699990;14,56385231
3,09799990;13,44426537
3,09899990;12,32467842
3,09999990;11,20201683
3,10099990;11,20201683
3,10199990;10,08243084
3,10299990;8,96284389
3,10399990;7,84018135
3,10499990;6,72059488
3,10599990;5,60100842
3,10699990;4,48142195
3,10799990;3,35875964
3,10899990;2,23917317
3,10999990;0,00000000
3,11099990;0,00000000
3,11199990;-1,11958659
3,11299990;-2,23917317
3,11399990;-3,35875964
3,11499990;-4,48142195
3,11599990;-6,72059488
3,11699990;-7,84018135
3,11799990;-7,84018135
3,11899990;-10,08243084
3,11999990;-11,20201683
3,12099990;-12,32467842
3,12199990;-13,44426537
3,12299990;-13,44426537
3,12399990;-15,68343925
3,12499990;-15,68343925
3,12599990;-16,80610085
3,12699990;-19,04527283
3,12799990;-20,16793633
3,12899990;-20,16793633
3,12999990;-21,28752327
3,13099990;-22,40711021
3,13199990;-23,52669716
3,13299990;-24,64935684
3,13399990;-24,64935684
3,13499990;-25,76894569
3,13599990;-25,76894569
3,13699990;-26,88853073
3,13799990;-28,01119423
3,13899990;-28,01119423
3,13999990;-28,01119423
3,14099990;-28,01119423
3,14199990;-29,13078117
3,14299990;-29,13078117
3,14399990;-29,13078117
3,14499990;-29,13078117
3,14599990;-29,13078117
3,14699990;-29,13078117
3,14799990;-30,25036621
3,14899990;-30,25036621
3,14999990;-30,25036621
3,15099990;-29,13078117
3,15199990;-29,13078117
3,15299990;-29,13078117
3,15399990;-29,13078117
3,15499990;-29,13078117
3,15599990;-29,13078117
3,15699990;-28,01119423
3,15799990;-28,01119423
3,15899990;-28,01119423
3,15999990;-28,01119423
3,16099990;-26,88853073
3,16199990;-26,88853073
3,16299990;-26,88853073
3,16399990;-26,88853073
3,16499990;-25,76894569
3,16599990;-25,76894569
3,16699990;-25,76894569
3,16799990;-24,64935684
3,16899990;-24,64935684
3,16999990;-24,64935684
3,17099990;-24,64935684
3,17199990;-24,64935684
3,17299990;-23,52669716
3,17399990;-23,52669716
3,17499990;-22,40711021
3,17599990;-22,40711021
3,17699990;-21,28752327
3,17799990;-21,28752327
3,17899990;-20,16793633
3,17999990;-20,16793633
3,18099990;-19,04527283
3,18199990;-19,04527283
3,18299990;-17,92568779
3,18399990;-16,80610085
3,18499990;-15,68343925
3,18599990;-15,68343925
3,18699990;-14,56385231
3,18799990;-14,56385231
3,18899990;-13,44426537
3,18999990;-12,32467842
3,19099990;-11,20201683
3,19199990;-11,20201683
3,19299990;-8,96284389
3,19399990;-7,84018135
3,19499990;-7,84018135
3,19599990;-6,72059488
3,19699990;-5,60100842
3,19799990;-4,48142195
3,19899990;-3,35875964
3,19999990;-2,23917317
3,20099990;-1,11958659
3,20199990;0,00000000
3,20299990;1,11958659
3,20399990;2,23917317
3,20499990;3,35875964
3,20599990;5,60100842
3,20699990;6,72059488
3,20799990;6,72059488
3,20899990;7,84018135
3,20999990;8,96284389
3,21099990;10,08243084
3,21199990;11,20201683
3,21299990;12,32467842
3,21399990;13,44426537
3,21499990;14,56385231
3,21599990;15,68343925
3,21699990;16,80610085
3,21799990;17,92568779
3,21899990;19,04527283
3,21999990;20,16793633
3,22099990;21,28752327
3,22199990;21,28752327
3,22299990;22,40711021
3,22399990;23,52669716
3,22499990;24,64935684
3,22599990;24,64935684
3,22699990;25,76894569
3,22799990;25,76894569
3,22899990;26,88853073
3,22999990;28,01119423
3,23099990;28,01119423
3,23199990;29,13078117
3,23299990;29,13078117
3,23399990;29,13078117
3,23499990;30,25036621
3,23599990;30,25036621
3,23699990;30,25036621
3,23799990;30,25036621
3,23899990;31,36995316
3,23999990;31,36995316
3,24099990;31,36995316
3,24199990;31,36995316
3,24299990;30,25036621
3,24399990;31,36995316
3,24499990;30,25036621
3,24599990;31,36995316
3,24699990;31,36995316
3,24799990;31,36995316
3,24899990;30,25036621
3,24999990;30,25036621
3,25099990;30,25036621
3,25199990;30,25036621
3,25299990;29,13078117
3,25399990;29,13078117
3,25499990;28,01119423
3,25599990;28,01119423
3,25699990;28,01119423
3,25799990;28,01119423
3,25899990;26,88853073
3,25999990;26,88853073
3,26099990;25,76894569
3,26199990;24,64935684
3,26299990;24,64935684
3,26399990;23,52669716
3,26499990;23,52669716
3,26599990;22,40711021
3,26699990;21,28752327
3,26799990;21,28752327
3,26899990;20,16793633
3,26999990;19,04527283
3,27099990;17,92568779
3,27199990;17,92568779
3,27299990;16,80610085
3,27399990;15,68343925
3,27499990;14,56385231
3,27599990;13,44426537
3,27699990;12,32467842
3,27799990;11,20201683
3,27899990;11,20201683
3,27999990;10,08243084
3,28099990;8,96284389
3,28199990;7,84018135
3,28299990;6,72059488
3,28399990;5,60100842
3,28499990;4,48142195
3,28599990;3,35875964
3,28699990;2,23917317
3,28799990;1,11958659
3,28899990;0,00000000
3,28999990;-2,23917317
3,29099990;-3,35875964
3,29199990;-4,48142195
3,29299990;-5,60100842
3,29399990;-6,72059488
3,29499990;-6,72059488
3,29599990;-8,96284389
3,29699990;-10,08243084
3,29799990;-11,20201683
3,29899990;-12,32467842
3,29999990;-13,44426537
3,30099990;-14,56385231
3,30199990;-15,68343925
3,30299990;-16,80610085
3,30399990;-17,92568779
3,30499990;-19,04527283
3,30599990;-20,16793633
3,30699990;-20,16793633
3,30799990;-21,28752327
3,30899990;-22,40711021
3,30999990;-23,52669716
3,31099990;-24,64935684
3,31199990;-24,64935684
3,31299990;-25,76894569
3,31399990;-26,88853073
3,31499990;-26,88853073
3,31599990;-26,88853073
3,31699990;-28,01119423
3,31799990;-28,01119423
3,31899990;-28,01119423
3,31999990;-29,13078117
3,32099990;-29,13078117
3,32199990;-29,13078117
3,32299990;-29,13078117
3,32399990;-29,13078117
3,32499990;-29,13078117
3,32599990;-29,13078117
3,32699990;-29,13078117
3,32799990;-29,13078117
3,32899990;-29,13078117
3,32999990;-29,13078117
3,33099990;-29,13078117
3,33199990;-29,13078117
3,33299990;-29,13078117
3,33399990;-29,13078117
3,33499990;-28,01119423
3,33599990;-28,01119423
3,33699990;-28,01119423
3,33799990;-28,01119423
3,33899990;-26,88853073
3,33999990;-26,88853073
3,34099990;-26,88853073
3,34199990;-26,88853073
3,34299990;-25,76894569
3,34399990;-25,76894569
3,34499990;-25,76894569
3,34599990;-25,76894569
3,34699990;-24,64935684
3,34799990;-24,64935684
3,34899990;-24,64935684
3,34999990;-23,52669716
3,35099990;-23,52669716
3,35199990;-23,52669716
3,35299990;-22,40711021
3,35399990;-22,40711021
3,35499990;-21,28752327
3,35599990;-21,28752327
3,35699990;-20,16793633
3,35799990;-19,04527283
3,35899990;-19,04527283
3,35999990;-17,92568779
3,36099990;-17,92568779
3,36199990;-16,80610085
3,36299990;-15,68343925
3,36399990;-15,68343925
3,36499990;-14,56385231
3,36599990;-13,44426537
3,36699990;-13,44426537
3,36799990;-12,32467842
3,36899990;-11,20201683
3,36999990;-10,08243084
3,37099990;-8,96284389
3,37199990;-7,84018135
3,37299990;-6,72059488
3,37399990;-6,72059488
3,37499990;-5,60100842
3,37599990;-3,35875964
3,37699990;-2,23917317
3,37799990;-1,11958659
3,37899990;-1,11958659
3,37999990;0,00000000
3,38099990;1,11958659
3,38199990;3,35875964
3,38299990;4,48142195
3,38399990;4,48142195
3,38499990;6,72059488
3,38599990;7,84018135
3,38699990;8,96284389
3,38799990;8,96284389
3,38899990;10,08243084
3,38999990;12,32467842
3,39099989;13,44426537
3,39199989;14,56385231
3,39299989;14,56385231
3,39399989;15,68343925
3,39499989;17,92568779
3,39599989;17,92568779
3,39699989;19,04527283
3,39799989;20,16793633
3,39899989;21,28752327
3,39999989;21,28752327
3,40099989;22,40711021
3,40199989;23,52669716
3,40299989;24,64935684
3,40399989;24,64935684
3,40499989;25,76894569
3,40599989;26,88853073
3,40699989;26,88853073
3,40799989;28,01119423
3,40899989;28,01119423
3,40999989;29,13078117
3,41099989;29,13078117
3,41199989;30,25036621
3,41299989;30,25036621
3,41399989;30,25036621
3,41499989;30,25036621
3,41599989;30,25036621
3,41699989;30,25036621
3,41799989;31,36995316
3,41899989;31,36995316
3,41999989;31,36995316
3,42099989;31,36995316
3,42199989;31,36995316
3,42299989;31,36995316
3,42399989;31,36995316
3,42499989;30,25036621
3,42599989;30,25036621
3,42699989;30,25036621
3,42799989;30,25036621
3,42899989;30,25036621
3,42999989;30,25036621
3,43099989;29,13078117
3,43199989;29,13078117
3,43299989;29,13078117
3,43399989;28,01119423
3,43499989;28,01119423
3,43599989;28,01119423
3,43699989;26,88853073
3,43799989;25,76894569
3,43899989;25,76894569
3,43999989;24,64935684
3,44099989;24,64935684
3,44199989;23,52669716
3,44299989;23,52669716
3,44399989;22,40711021
3,44499989;21,28752327
3,44599989;21,28752327
3,44699989;20,16793633
3,44799989;19,04527283
3,44899989;17,92568779
3,44999989;16,80610085
3,45099989;16,80610085
3,45199989;15,68343925
3,45299989;14,56385231
3,45399989;13,44426537
3,45499989;12,32467842
3,45599989;11,20201683
3,45699989;10,08243084
3,45799989;10,08243084
3,45899989;7,84018135
3,45999989;7,84018135
3,46099989;6,72059488
3,46199989;5,60100842
3,46299989;4,48142195
3,46399989;3,35875964
3,46499989;2,23917317
3,46599989;1,11958659
3,46699989;-1,11958659
3,46799989;-1,11958659
3,46899989;-3,35875964
3,46999989;-4,48142195
3,47099989;-5,60100842
3,47199989;-6,72059488
3,47299989;-7,84018135
3,47399989;-8,96284389
3,47499989;-10,08243084
3,47599989;-11,20201683
3,47699989;-12,32467842
3,47799989;-13,44426537
3,47899989;-14,56385231
3,47999989;-15,68343925
3,48099989;-16,80610085
3,48199989;-17,92568779
3,48299989;-19,04527283
3,48399989;-20,16793633
3,48499989;-21,28752327
3,48599989;-21,28752327
3,48699989;-22,40711021
3,48799989;-23,52669716
3,48899989;-24,64935684
3,48999989;-25,76894569
3,49099989;-25,76894569
3,49199989;-25,76894569
3,49299989;-26,88853073
3,49399989;-26,88853073
3,49499989;-28,01119423
3,49599989;-28,01119423
3,49699989;-29,13078117
3,49799989;-29,13078117
3,49899989;-29,13078117
3,49999989;-29,13078117
3,50099989;-29,13078117
3,50199989;-30,25036621
3,50299989;-30,25036621
3,50399989;-29,13078117
3,50499989;-29,13078117
3,50599989;-29,13078117
3,50699989;-30,25036621
3,50799989;-30,25036621
3,50899989;-29,13078117
3,50999989;-29,13078117
3,51099989;-29,13078117
3,51199989;-29,13078117
3,51299989;-28,01119423
3,51399989;-28,01119423
3,51499989;-28,01119423
3,51599989;-28,01119423
3,51699989;-26,88853073
3,51799989;-26,88853073
3,51899989;-25,76894569
3,51999989;-25,76894569
3,52099989;-25,76894569
3,52199989;-25,76894569
3,52299989;-25,76894569
3,52399989;-24,64935684
3,52499989;-24,64935684
3,52599989;-24,64935684
3,52699989;-24,64935684
3,52799989;-24,64935684
3,52899989;-23,52669716
3,52999989;-23,52669716
3,53099989;-22,40711021
3,53199989;-22,40711021
3,53299989;-22,40711021
3,53399989;-21,28752327
3,53499989;-20,16793633
3,53599989;-19,04527283
3,53699989;-19,04527283
3,53799989;-17,92568779
3,53899989;-17,92568779
3,53999989;-16,80610085
3,54099989;-15,68343925
3,54199989;-15,68343925
3,54299989;-14,56385231
3,54399989;-14,56385231
3,54499989;-13,44426537
3,54599989;-12,32467842
3,54699989;-11,20201683
3,54799989;-10,08243084
3,54899989;-8,96284389
3,54999989;-7,84018135
3,55099989;-7,84018135
3,55199989;-5,60100842
3,55299989;-4,48142195
3,55399989;-3,35875964
3,55499989;-2,23917317
3,55599989;-1,11958659
3,55699989;-1,11958659
3,55799989;0,00000000
3,55899989;2,23917317
3,55999989;3,35875964
3,56099989;4,48142195
3,56199989;5,60100842
3,56299989;6,72059488
3,56399989;6,72059488
3,56499989;8,96284389
3,56599989;10,08243084
3,56699989;11,20201683
3,56799989;12,32467842
3,56899989;13,44426537
3,56999989;13,44426537
3,57099989;14,56385231
3,57199989;15,68343925
3,57299989;17,92568779
3,57399989;19,04527283
3,57499989;19,04527283
3,57599989;20,16793633
3,57699989;21,28752327
3,57799989;22,40711021
3,57899989;23,52669716
3,57999989;23,52669716
3,58099989;24,64935684
3,58199989;24,64935684
3,58299989;25,76894569
3,58399989;26,88853073
3,58499989;26,88853073
3,58599989;28,01119423
3,58699989;29,13078117
3,58799989;29,13078117
3,58899989;30,25036621
3,58999989;30,25036621
3,59099989;30,25036621
3,59199989;30,25036621
3,59299989;30,25036621
3,59399989;30,25036621
3,59499989;31,36995316
3,59599989;31,36995316
3,59699989;31,36995316
3,59799989;31,36995316
3,59899989;31,36995316
3,59999989;31,36995316
3,60099989;31,36995316
3,60199989;30,25036621
3,60299989;30,25036621
3,60399989;30,25036621
3,60499989;30,25036621
3,60599989;30,25036621
3,60699989;30,25036621
3,60799989;30,25036621
3,60899989;29,13078117
3,60999989;29,13078117
3,61099989;29,13078117
3,61199989;28,01119423
3,61299989;28,01119423
3,61399989;28,01119423
3,61499989;26,88853073
3,61599989;25,76894569
3,61699989;25,76894569
3,61799989;24,64935684
3,61899989;24,64935684
3,61999989;23,52669716
3,62099989;22,40711021
3,62199989;22,40711021
3,62299989;21,28752327
3,62399989;20,16793633
3,62499989;20,16793633
3,62599989;19,04527283
3,62699989;17,92568779
3,62799989;16,80610085
3,62899989;15,68343925
3,62999989;15,68343925
3,63099989;14,56385231
3,63199989;13,44426537
3,63299989;12,32467842
3,63399989;11,20201683
3,63499989;10,08243084
3,63599989;8,96284389
3,63699989;7,84018135
3,63799989;6,72059488
3,63899989;5,60100842
3,63999989;5,60100842
3,64099989;3,35875964
3,64199989;3,35875964
3,64299989;2,23917317
3,64399989;0,00000000
3,64499989;-1,11958659
3,64599989;-2,23917317
3,64699989;-3,35875964
3,64799989;-4,48142195
3,64899989;-5,60100842
3,64999989;-6,72059488
3,65099989;-7,84018135
3,65199989;-8,96284389
3,65299989;-10,08243084
3,65399989;-11,20201683
3,65499989;-12,32467842
3,65599989;-13,44426537
3,65699989;-14,56385231
3,65799989;-15,68343925
3,65899989;-16,80610085
3,65999989;-17,92568779
3,66099989;-19,04527283
3,66199989;-20,16793633
3,66299989;-21,28752327
3,66399989;-22,40711021
3,66499989;-23,52669716
3,66599989;-23,52669716
3,66699989;-24,64935684
3,66799989;-24,64935684
3,66899989;-25,76894569
3,66999989;-26,88853073
3,67099989;-26,88853073
3,67199989;-28,01119423
3,67299989;-28,01119423
3,67399989;-28,01119423
3,67499989;-28,01119423
3,67599989;-29,13078117
3,67699989;-29,13078117
3,67799989;-29,13078117
3,67899989;-29,13078117
3,67999989;-29,13078117
3,68099989;-29,13078117
3,68199989;-29,13078117
3,68299989;-30,25036621
3,68399989;-29,13078117
3,68499989;-29,13078117
3,68599989;-29,13078117
3,68699989;-29,13078117
3,68799989;-29,13078117
3,68899989;-29,13078117
3,68999989;-28,01119423
3,69099989;-28,01119423
3,69199989;-28,01119423
3,69299989;-28,01119423
3,69399989;-28,01119423
3,69499989;-26,88853073
3,69599989;-26,88853073
3,69699989;-26,88853073
3,69799989;-25,76894569
3,69899989;-25,76894569
3,69999989;-25,76894569
3,70099989;-24,64935684
3,70199989;-24,64935684
3,70299989;-24,64935684
3,70399989;-24,64935684
3,70499989;-23,52669716
3,70599989;-23,52669716
3,70699989;-23,52669716
3,70799989;-23,52669716
3,70899989;-22,40711021
3,70999989;-21,28752327
3,71099989;-21,28752327
3,71199989;-21,28752327
3,71299989;-20,16793633
3,71399989;-19,04527283
3,71499989;-19,04527283
3,71599989;-19,04527283
3,71699989;-17,92568779
3,71799989;-16,80610085
3,71899989;-15,68343925
3,71999989;-15,68343925
3,72099989;-14,56385231
3,72199989;-13,44426537
3,72299989;-13,44426537
3,72399989;-12,32467842
3,72499989;-11,20201683
3,72599989;-10,08243084
3,72699989;-8,96284389
3,72799989;-7,84018135
3,72899989;-6,72059488
3,72999989;-5,60100842
3,73099989;-5,60100842
3,73199989;-3,35875964
3,73299989;-3,35875964
3,73399989;-1,11958659
3,73499989;0,00000000
3,73599989;1,11958659
3,73699989;2,23917317
3,73799989;3,35875964
3,73899989;4,48142195
3,73999989;5,60100842
3,74099989;5,60100842
3,74199989;7,84018135
3,74299989;8,96284389
3,74399989;10,08243084
3,74499988;11,20201683
3,74599988;12,32467842
3,74699988;13,44426537
3,74799988;14,56385231
3,74899988;15,68343925
3,74999988;15,68343925
3,75099988;16,80610085
3,75199988;19,04527283
3,75299988;19,04527283
3,75399988;20,16793633
3,75499988;21,28752327
3,75599988;22,40711021
3,75699988;23,52669716
3,75799988;23,52669716
3,75899988;24,64935684
3,75999988;25,76894569
3,76099988;25,76894569
3,76199988;26,88853073
3,76299988;26,88853073
3,76399988;28,01119423
3,76499988;28,01119423
3,76599988;29,13078117
3,76699988;29,13078117
3,76799988;30,25036621
3,76899988;30,25036621
3,76999988;30,25036621
3,77099988;30,25036621
3,77199988;30,25036621
3,77299988;31,36995316
3,77399988;31,36995316
3,77499988;31,36995316
3,77599988;31,36995316
3,77699988;31,36995316
3,77799988;31,36995316
3,77899988;30,25036621
3,77999988;31,36995316
3,78099988;31,36995316
3,78199988;30,25036621
3,78299988;30,25036621
3,78399988;30,25036621
3,78499988;30,25036621
3,78599988;30,25036621
3,78699988;29,13078117
3,78799988;29,13078117
3,78899988;29,13078117
3,78999988;29,13078117
3,79099988;28,01119423
3,79199988;26,88853073
3,79299988;26,88853073
3,79399988;25,76894569
3,79499988;25,76894569
3,79599988;24,64935684
3,79699988;23,52669716
3,79799988;23,52669716
3,79899988;22,40711021
3,79999988;22,40711021
3,80099988;21,28752327
3,80199988;20,16793633
3,80299988;20,16793633
3,80399988;19,04527283
3,80499988;17,92568779
3,80599988;16,80610085
3,80699988;16,80610085
3,80799988;15,68343925
3,80899988;14,56385231
3,80999988;13,44426537
3,81099988;12,32467842
3,81199988;11,20201683
3,81299988;10,08243084
3,81399988;10,08243084
3,81499988;8,96284389
3,81599988;6,72059488
3,81699988;5,60100842
3,81799988;5,60100842
3,81899988;3,35875964
3,81999988;2,23917317
3,82099988;1,11958659
3,82199988;0,00000000
3,82299988;-1,11958659
3,82399988;-2,23917317
3,82499988;-3,35875964
3,82599988;-4,48142195
3,82699988;-5,60100842
3,82799988;-6,72059488
3,82899988;-7,84018135
3,82999988;-8,96284389
3,83099988;-10,08243084
3,83199988;-11,20201683
3,83299988;-12,32467842
3,83399988;-13,44426537
3,83499988;-14,56385231
3,83599988;-15,68343925
3,83699988;-16,80610085
3,83799988;-19,04527283
3,83899988;-19,04527283
3,83999988;-19,04527283
3,84099988;-21,28752327
3,84199988;-22,40711021
3,84299988;-23,52669716
3,84399988;-23,52669716
3,84499988;-24,64935684
3,84599988;-25,76894569
3,84699988;-25,76894569
3,84799988;-26,88853073
3,84899988;-26,88853073
3,84999988;-26,88853073
3,85099988;-28,01119423
3,85199988;-28,01119423
3,85299988;-29,13078117
3,85399988;-29,13078117
3,85499988;-29,13078117
3,85599988;-29,13078117
3,85699988;-29,13078117
3,85799988;-29,13078117
3,85899988;-30,25036621
3,85999988;-30,25036621
3,86099988;-29,13078117
3,86199988;-29,13078117
3,86299988;-29,13078117
3,86399988;-29,13078117
3,86499988;-29,13078117
3,86599988;-29,13078117
3,86699988;-28,01119423
3,86799988;-28,01119423
3,86899988;-28,01119423
3,86999988;-28,01119423
3,87099988;-28,01119423
3,87199988;-26,88853073
3,87299988;-26,88853073
3,87399988;-26,88853073
3,87499988;-26,88853073
3,87599988;-26,88853073
3,87699988;-25,76894569
3,87799988;-25,76894569
3,87899988;-24,64935684
3,87999988;-24,64935684
3,88099988;-24,64935684
3,88199988;-24,64935684
3,88299988;-24,64935684
3,88399988;-24,64935684
3,88499988;-23,52669716
3,88599988;-23,52669716
3,88699988;-22,40711021
3,88799988;-22,40711021
3,88899988;-21,28752327
3,88999988;-20,16793633
3,89099988;-20,16793633
3,89199988;-19,04527283
3,89299988;-19,04527283
3,89399988;-17,92568779
3,89499988;-16,80610085
3,89599988;-16,80610085
3,89699988;-15,68343925
3,89799988;-14,56385231
3,89899988;-14,56385231
3,89999988;-14,56385231
3,90099988;-13,44426537
3,90199988;-12,32467842
3,90299988;-11,20201683
3,90399988;-10,08243084
3,90499988;-7,84018135
3,90599988;-7,84018135
3,90699988;-6,72059488
3,90799988;-5,60100842
3,90899988;-4,48142195
3,90999988;-3,35875964
3,91099988;-2,23917317
3,91199988;-1,11958659
3,91299988;0,00000000
3,91399988;1,11958659
3,91499988;2,23917317
3,91599988;3,35875964
3,91699988;4,48142195
3,91799988;5,60100842
3,91899988;6,72059488
3,91999988;7,84018135
3,92099988;8,96284389
3,92199988;10,08243084
3,92299988;11,20201683
3,92399988;12,32467842
3,92499988;13,44426537
3,92599988;14,56385231
3,92699988;15,68343925
3,92799988;16,80610085
3,92899988;17,92568779
3,92999988;19,04527283
3,93099988;20,16793633
3,93199988;20,16793633
3,93299988;21,28752327
3,93399988;22,40711021
3,93499988;23,52669716
3,93599988;23,52669716
3,93699988;24,64935684
3,93799988;25,76894569
3,93899988;25,76894569
3,93999988;26,88853073
3,94099988;28,01119423
3,94199988;28,01119423
3,94299988;28,01119423
3,94399988;29,13078117
3,94499988;29,13078117
3,94599988;29,13078117
3,94699988;30,25036621
3,94799988;30,25036621
3,94899988;30,25036621
3,94999988;30,25036621
3,95099988;31,36995316
3,95199988;31,36995316
3,95299988;31,36995316
3,95399988;31,36995316
3,95499988;31,36995316
3,95599988;31,36995316
3,95699988;31,36995316
3,95799988;31,36995316
3,95899988;31,36995316
3,95999988;30,25036621
3,96099988;30,25036621
3,96199988;30,25036621
3,96299988;30,25036621
3,96399988;29,13078117
3,96499988;29,13078117
3,96599988;29,13078117
3,96699988;28,01119423
3,96799988;28,01119423
3,96899988;28,01119423
3,96999988;26,88853073
3,97099988;26,88853073
3,97199988;25,76894569
3,97299988;24,64935684
3,97399988;24,64935684
3,97499988;23,52669716
3,97599988;23,52669716
3,97699988;22,40711021
3,97799988;21,28752327
3,97899988;21,28752327
3,97999988;20,16793633
3,98099988;20,16793633
3,98199988;19,04527283
3,98299988;17,92568779
3,98399988;16,80610085
3,98499988;15,68343925
3,98599988;15,68343925
3,98699988;14,56385231
3,98799988;12,32467842
3,98899988;12,32467842
3,98999988;11,20201683
3,99099988;10,08243084
3,99199988;8,96284389
3,99299988;7,84018135
3,99399988;6,72059488
3,99499988;5,60100842
3,99599988;4,48142195
3,99699988;3,35875964
3,99799988;2,23917317
3,99899988;1,11958659
3,99999988;0,00000000
4,00099988;-1,11958659
4,00199988;-2,23917317
4,00299988;-3,35875964
4,00399988;-4,48142195
4,00499988;-5,60100842
4,00599988;-6,72059488
4,00699988;-7,84018135
4,00799988;-8,96284389
4,00899988;-10,08243084
4,00999988;-11,20201683
4,01099988;-12,32467842
4,01199988;-13,44426537
4,01299988;-14,56385231
4,01399988;-15,68343925
4,01499988;-16,80610085
4,01599988;-17,92568779
4,01699988;-19,04527283
4,01799988;-20,16793633
4,01899988;-21,28752327
4,01999988;-22,40711021
4,02099988;-23,52669716
4,02199988;-24,64935684
4,02299988;-24,64935684
4,02399988;-25,76894569
4,02499988;-25,76894569
4,02599988;-26,88853073
4,02699988;-26,88853073
4,02799988;-28,01119423
4,02899988;-28,01119423
4,02999988;-28,01119423
4,03099988;-28,01119423
4,03199988;-29,13078117
4,03299988;-29,13078117
4,03399988;-29,13078117
4,03499988;-29,13078117
4,03599988;-29,13078117
4,03699988;-29,13078117
4,03799988;-29,13078117
4,03899988;-29,13078117
4,03999988;-29,13078117
4,04099988;-29,13078117
4,04199988;-29,13078117
4,04299988;-29,13078117
4,04399988;-29,13078117
4,04499988;-28,01119423
4,04599988;-28,01119423
4,04699988;-28,01119423
4,04799988;-28,01119423
4,04899988;-28,01119423
4,04999988;-28,01119423
4,05099988;-26,88853073
4,05199988;-26,88853073
4,05299988;-26,88853073
4,05399988;-25,76894569
4,05499988;-25,76894569
4,05599988;-25,76894569
4,05699988;-24,64935684
4,05799988;-24,64935684
4,05899988;-24,64935684
4,05999988;-24,64935684
4,06099988;-23,52669716
4,06199988;-23,52669716
4,06299988;-23,52669716
4,06399988;-23,52669716
4,06499988;-22,40711021
4,06599988;-22,40711021
4,06699988;-21,28752327
4,06799988;-20,16793633
4,06899988;-20,16793633
4,06999988;-19,04527283
4,07099988;-17,92568779
4,07199988;-17,92568779
4,07299988;-17,92568779
4,07399988;-15,68343925
4,07499988;-15,68343925
4,07599988;-14,56385231
4,07699988;-14,56385231
4,07799988;-13,44426537
4,07899988;-12,32467842
4,07999988;-12,32467842
4,08099988;-10,08243084
4,08199988;-10,08243084
4,08299988;-8,96284389
4,08399988;-7,84018135
4,08499988;-6,72059488
4,08599988;-5,60100842
4,08699988;-4,48142195
4,08799988;-3,35875964
4,08899988;-2,23917317
4,08999988;-1,11958659
4,09099988;0,00000000
4,09199988;1,11958659
4,09299988;2,23917317
4,09399988;3,35875964
4,09499988;4,48142195
4,09599988;5,60100842
4,09699988;6,72059488
4,09799987;7,84018135
4,09899987;8,96284389
4,09999987;10,08243084
4,10099987;11,20201683
4,10199987;12,32467842
4,10299987;13,44426537
4,10399987;14,56385231
4,10499987;15,68343925
4,10599987;16,80610085
4,10699987;17,92568779
4,10799987;19,04527283
4,10899987;20,16793633
4,10999987;20,16793633
4,11099987;21,28752327
4,11199987;22,40711021
4,11299987;23,52669716
4,11399987;23,52669716
4,11499987;24,64935684
4,11599987;25,76894569
4,11699987;25,76894569
4,11799987;26,88853073
4,11899987;28,01119423
4,11999987;28,01119423
4,12099987;29,13078117
4,12199987;29,13078117
4,12299987;29,13078117
4,12399987;30,25036621
4,12499987;30,25036621
4,12599987;30,25036621
4,12699987;30,25036621
4,12799987;31,36995316
4,12899987;31,36995316
4,12999987;31,36995316
4,13099987;31,36995316
4,13199987;31,36995316
4,13299987;31,36995316
4,13399987;31,36995316
4,13499987;31,36995316
4,13599987;30,25036621
4,13699987;30,25036621
4,13799987;31,36995316
4,13899987;30,25036621
4,13999987;30,25036621
4,14099987;30,25036621
4,14199987;29,13078117
4,14299987;29,13078117
4,14399987;29,13078117
4,14499987;29,13078117
4,14599987;28,01119423
4,14699987;28,01119423
4,14799987;26,88853073
4,14899987;26,88853073
4,14999987;25,76894569
4,15099987;25,76894569
4,15199987;24,64935684
4,15299987;23,52669716
4,15399987;23,52669716
4,15499987;22,40711021
4,15599987;22,40711021
4,15699987;21,28752327
4,15799987;20,16793633
4,15899987;20,16793633
4,15999987;19,04527283
4,16099987;17,92568779
4,16199987;16,80610085
4,16299987;16,80610085
4,16399987;15,68343925
4,16499987;13,44426537
4,16599987;13,44426537
4,16699987;12,32467842
4,16799987;11,20201683
4,16899987;10,08243084
4,16999987;8,96284389
4,17099987;7,84018135
4,17199987;6,72059488
4,17299987;5,60100842
4,17399987;4,48142195
4,17499987;3,35875964
4,17599987;2,23917317
4,17699987;1,11958659
4,17799987;0,00000000
4,17899987;-1,11958659
4,17999987;-2,23917317
4,18099987;-4,48142195
4,18199987;-4,48142195
4,18299987;-5,60100842
4,18399987;-6,72059488
4,18499987;-7,84018135
4,18599987;-8,96284389
4,18699987;-11,20201683
4,18799987;-12,32467842
4,18899987;-12,32467842
4,18999987;-13,44426537
4,19099987;-14,56385231
4,19199987;-16,80610085
4,19299987;-17,92568779
4,19399987;-17,92568779
4,19499987;-19,04527283
4,19599987;-20,16793633
4,19699987;-21,28752327
4,19799987;-22,40711021
4,19899987;-23,52669716
4,19999987;-23,52669716
4,20099987;-24,64935684
4,20199987;-25,76894569
4,20299987;-26,88853073
4,20399987;-26,88853073
4,20499987;-26,88853073
4,20599987;-28,01119423
4,20699987;-28,01119423
4,20799987;-28,01119423
4,20899987;-28,01119423
4,20999987;-29,13078117
4,21099987;-29,13078117
4,21199987;-29,13078117
4,21299987;-29,13078117
4,21399987;-29,13078117
4,21499987;-30,25036621
4,21599987;-30,25036621
4,21699987;-30,25036621
4,21799987;-30,25036621
4,21899987;-29,13078117
4,21999987;-29,13078117
4,22099987;-29,13078117
4,22199987;-29,13078117
4,22299987;-28,01119423
4,22399987;-28,01119423
4,22499987;-28,01119423
4,22599987;-28,01119423
4,22699987;-28,01119423
4,22799987;-26,88853073
4,22899987;-26,88853073
4,22999987;-26,88853073
4,23099987;-25,76894569
4,23199987;-25,76894569
4,23299987;-25,76894569
4,23399987;-25,76894569
4,23499987;-25,76894569
4,23599987;-24,64935684
4,23699987;-24,64935684
4,23799987;-24,64935684
4,23899987;-24,64935684
4,23999987;-23,52669716
4,24099987;-23,52669716
4,24199987;-23,52669716
4,24299987;-23,52669716
4,24399987;-22,40711021
4,24499987;-21,28752327
4,24599987;-20,16793633
4,24699987;-20,16793633
4,24799987;-19,04527283
4,24899987;-19,04527283
4,24999987;-17,92568779
4,25099987;-17,92568779
4,25199987;-16,80610085
4,25299987;-15,68343925
4,25399987;-15,68343925
4,25499987;-14,56385231
4,25599987;-13,44426537
4,25699987;-12,32467842
4,25799987;-11,20201683
4,25899987;-11,20201683
4,25999987;-10,08243084
4,26099987;-8,96284389
4,26199987;-7,84018135
4,26299987;-6,72059488
4,26399987;-5,60100842
4,26499987;-4,48142195
4,26599987;-3,35875964
4,26699987;-2,23917317
4,26799987;-1,11958659
4,26899987;0,00000000
4,26999987;1,11958659
4,27099987;2,23917317
4,27199987;3,35875964
4,27299987;4,48142195
4,27399987;6,72059488
4,27499987;7,84018135
4,27599987;7,84018135
4,27699987;8,96284389
4,27799987;11,20201683
4,27899987;12,32467842
4,27999987;13,44426537
4,28099987;13,44426537
4,28199987;14,56385231
4,28299987;15,68343925
4,28399987;16,80610085
4,28499987;17,92568779
4,28599987;19,04527283
4,28699987;20,16793633
4,28799987;21,28752327
4,28899987;21,28752327
4,28999987;22,40711021
4,29099987;23,52669716
4,29199987;24,64935684
4,29299987;24,64935684
4,29399987;25,76894569
4,29499987;25,76894569
4,29599987;26,88853073
4,29699987;28,01119423
4,29799987;28,01119423
4,29899987;29,13078117
4,29999987;29,13078117
4,30099987;29,13078117
4,30199987;30,25036621
4,30299987;30,25036621
4,30399987;30,25036621
4,30499987;31,36995316
4,30599987;30,25036621
4,30699987;30,25036621
4,30799987;30,25036621
4,30899987;30,25036621
4,30999987;30,25036621
4,31099987;31,36995316
4,31199987;31,36995316
4,31299987;30,25036621
4,31399987;31,36995316
4,31499987;30,25036621
4,31599987;30,25036621
4,31699987;30,25036621
4,31799987;29,13078117
4,31899987;30,25036621
4,31999987;29,13078117
4,32099987;29,13078117
4,32199987;29,13078117
4,32299987;29,13078117
4,32399987;28,01119423
4,32499987;28,01119423
4,32599987;26,88853073
4,32699987;26,88853073
4,32799987;25,76894569
4,32899987;25,76894569
4,32999987;24,64935684
4,33099987;23,52669716
4,33199987;22,40711021
4,33299987;22,40711021
4,33399987;22,40711021
4,33499987;21,28752327
4,33599987;20,16793633
4,33699987;19,04527283
4,33799987;19,04527283
4,33899987;16,80610085
4,33999987;16,80610085
4,34099987;15,68343925
4,34199987;14,56385231
4,34299987;13,44426537
4,34399987;13,44426537
4,34499987;12,32467842
4,34599987;11,20201683
4,34699987;10,08243084
4,34799987;8,96284389
4,34899987;7,84018135
4,34999987;6,72059488
4,35099987;4,48142195
4,35199987;4,48142195
4,35299987;3,35875964
4,35399987;2,23917317
4,35499987;1,11958659
4,35599987;0,00000000
4,35699987;-1,11958659
4,35799987;-2,23917317
4,35899987;-3,35875964
4,35999987;-5,60100842
4,36099987;-6,72059488
4,36199987;-7,84018135
4,36299987;-7,84018135
4,36399987;-10,08243084
4,36499987;-11,20201683
4,36599987;-12,32467842
4,36699987;-13,44426537
4,36799987;-14,56385231
4,36899987;-15,68343925
4,36999987;-16,80610085
4,37099987;-17,92568779
4,37199987;-19,04527283
4,37299987;-19,04527283
4,37399987;-20,16793633
4,37499987;-21,28752327
4,37599987;-22,40711021
4,37699987;-23,52669716
4,37799987;-23,52669716
4,37899987;-25,76894569
4,37999987;-25,76894569
4,38099987;-25,76894569
4,38199987;-26,88853073
4,38299987;-26,88853073
4,38399987;-28,01119423
4,38499987;-28,01119423
4,38599987;-28,01119423
4,38699987;-29,13078117
4,38799987;-29,13078117
4,38899987;-29,13078117
4,38999987;-29,13078117
4,39099987;-29,13078117
4,39199987;-29,13078117
4,39299987;-30,25036621
4,39399987;-30,25036621
4,39499987;-30,25036621
4,39599987;-29,13078117
4,39699987;-29,13078117
4,39799987;-29,13078117
4,39899987;-29,13078117
4,39999987;-29,13078117
4,40099987;-29,13078117
4,40199987;-28,01119423
4,40299987;-28,01119423
4,40399987;-28,01119423
4,40499987;-28,01119423
4,40599987;-28,01119423
4,40699987;-26,88853073
4,40799987;-26,88853073
4,40899987;-26,88853073
4,40999987;-25,76894569
4,41099987;-25,76894569
4,41199987;-25,76894569
4,41299987;-25,76894569
4,41399987;-24,64935684
4,41499987;-24,64935684
4,41599987;-24,64935684
4,41699987;-24,64935684
4,41799987;-23,52669716
4,41899987;-23,52669716
4,41999987;-23,52669716
4,42099987;-22,40711021
4,42199987;-22,40711021
4,42299987;-21,28752327
4,42399987;-20,16793633
4,42499987;-20,16793633
4,42599987;-19,04527283
4,42699987;-17,92568779
4,42799987;-17,92568779
4,42899987;-16,80610085
4,42999987;-16,80610085
4,43099987;-15,68343925
4,43199987;-14,56385231
4,43299987;-14,56385231
4,43399987;-13,44426537
4,43499987;-12,32467842
4,43599987;-11,20201683
4,43699987;-10,08243084
4,43799987;-8,96284389
4,43899987;-7,84018135
4,43999987;-7,84018135
4,44099987;-6,72059488
4,44199987;-5,60100842
4,44299987;-4,48142195
4,44399987;-3,35875964
4,44499987;-2,23917317
4,44599987;-1,11958659
4,44699987;0,00000000
4,44799987;1,11958659
4,44899987;2,23917317
4,44999987;3,35875964
4,45099987;4,48142195
4,45199986;5,60100842
4,45299986;6,72059488
4,45399986;7,84018135
4,45499986;8,96284389
4,45599986;10,08243084
4,45699986;11,20201683
4,45799986;12,32467842
4,45899986;13,44426537
4,45999986;14,56385231
4,46099986;15,68343925
4,46199986;16,80610085
4,46299986;17,92568779
4,46399986;19,04527283
4,46499986;20,16793633
4,46599986;21,28752327
4,46699986;21,28752327
4,46799986;22,40711021
4,46899986;23,52669716
4,46999986;24,64935684
4,47099986;24,64935684
4,47199986;25,76894569
4,47299986;25,76894569
4,47399986;26,88853073
4,47499986;26,88853073
4,47599986;28,01119423
4,47699986;29,13078117
4,47799986;29,13078117
4,47899986;30,25036621
4,47999986;30,25036621
4,48099986;30,25036621
4,48199986;30,25036621
4,48299986;30,25036621
4,48399986;30,25036621
4,48499986;30,25036621
4,48599986;30,25036621
4,48699986;30,25036621
4,48799986;31,36995316
4,48899986;31,36995316
4,48999986;31,36995316
4,49099986;30,25036621
4,49199986;30,25036621
4,49299986;30,25036621
4,49399986;30,25036621
4,49499986;30,25036621
4,49599986;30,25036621
4,49699986;30,25036621
4,49799986;29,13078117
4,49899986;29,13078117
4,49999986;29,13078117
4,50099986;28,01119423
4,50199986;28,01119423
4,50299986;28,01119423
4,50399986;26,88853073
4,50499986;25,76894569
4,50599986;25,76894569
4,50699986;24,64935684
4,50799986;24,64935684
4,50899986;23,52669716
4,50999986;23,52669716
4,51099986;22,40711021
4,51199986;21,28752327
4,51299986;20,16793633
4,51399986;20,16793633
4,51499986;19,04527283
4,51599986;17,92568779
4,51699986;16,80610085
4,51799986;16,80610085
4,51899986;15,68343925
4,51999986;14,56385231
4,52099986;13,44426537
4,52199986;12,32467842
4,52299986;11,20201683
4,52399986;11,20201683
4,52499986;8,96284389
4,52599986;8,96284389
4,52699986;7,84018135
4,52799986;6,72059488
4,52899986;5,60100842
4,52999986;4,48142195
4,53099986;3,35875964
4,53199986;2,23917317
4,53299986;1,11958659
4,53399986;-1,11958659
4,53499986;-2,23917317
4,53599986;-3,35875964
4,53699986;-4,48142195
4,53799986;-4,48142195
4,53899986;-6,72059488
4,53999986;-7,84018135
4,54099986;-8,96284389
4,54199986;-10,08243084
4,54299986;-11,20201683
4,54399986;-12,32467842
4,54499986;-13,44426537
4,54599986;-14,56385231
4,54699986;-15,68343925
4,54799986;-16,80610085
4,54899986;-17,92568779
4,54999986;-19,04527283
4,55099986;-20,16793633
4,55199986;-21,28752327
4,55299986;-22,40711021
4,55399986;-22,40711021
4,55499986;-23,52669716
4,55599986;-24,64935684
4,55699986;-25,76894569
4,55799986;-25,76894569
4,55899986;-25,76894569
4,55999986;-26,88853073
4,56099986;-28,01119423
4,56199986;-28,01119423
4,56299986;-28,01119423
4,56399986;-29,13078117
4,56499986;-29,13078117
4,56599986;-29,13078117
4,56699986;-29,13078117
4,56799986;-29,13078117
4,56899986;-30,25036621
4,56999986;-30,25036621
4,57099986;-29,13078117
4,57199986;-29,13078117
4,57299986;-29,13078117
4,57399986;-29,13078117
4,57499986;-29,13078117
4,57599986;-29,13078117
4,57699986;-29,13078117
4,57799986;-29,13078117
4,57899986;-29,13078117
4,57999986;-29,13078117
4,58099986;-28,01119423
4,58199986;-28,01119423
4,58299986;-26,88853073
4,58399986;-26,88853073
4,58499986;-26,88853073
4,58599986;-26,88853073
4,58699986;-26,88853073
4,58799986;-25,76894569
4,58899986;-25,76894569
4,58999986;-25,76894569
4,59099986;-24,64935684
4,59199986;-24,64935684
4,59299986;-24,64935684
4,59399986;-23,52669716
4,59499986;-23,52669716
4,59599986;-23,52669716
4,59699986;-23,52669716
4,59799986;-23,52669716
4,59899986;-22,40711021
4,59999986;-21,28752327
4,60099986;-21,28752327
4,60199986;-20,16793633
4,60299986;-20,16793633
4,60399986;-19,04527283
4,60499986;-19,04527283
4,60599986;-17,92568779
4,60699986;-16,80610085
4,60799986;-16,80610085
4,60899986;-15,68343925
4,60999986;-14,56385231
4,61099986;-14,56385231
4,61199986;-13,44426537
4,61299986;-12,32467842
4,61399986;-11,20201683
4,61499986;-10,08243084
4,61599986;-8,96284389
4,61699986;-8,96284389
4,61799986;-6,72059488
4,61899986;-6,72059488
4,61999986;-5,60100842
4,62099986;-4,48142195
4,62199986;-3,35875964
4,62299986;-2,23917317
4,62399986;-1,11958659
4,62499986;0,00000000
4,62599986;1,11958659
4,62699986;2,23917317
4,62799986;3,35875964
4,62899986;5,60100842
4,62999986;6,72059488
4,63099986;7,84018135
4,63199986;8,96284389
4,63299986;8,96284389
4,63399986;10,08243084
4,63499986;11,20201683
4,63599986;12,32467842
4,63699986;13,44426537
4,63799986;14,56385231
4,63899986;15,68343925
4,63999986;16,80610085
4,64099986;17,92568779
4,64199986;19,04527283
4,64299986;20,16793633
4,64399986;21,28752327
4,64499986;21,28752327
4,64599986;22,40711021
4,64699986;23,52669716
4,64799986;24,64935684
4,64899986;25,76894569
4,64999986;25,76894569
4,65099986;25,76894569
4,65199986;26,88853073
4,65299986;28,01119423
4,65399986;28,01119423
4,65499986;29,13078117
4,65599986;29,13078117
4,65699986;30,25036621
4,65799986;30,25036621
4,65899986;30,25036621
4,65999986;30,25036621
4,66099986;30,25036621
4,66199986;30,25036621
4,66299986;31,36995316
4,66399986;31,36995316
4,66499986;31,36995316
4,66599986;31,36995316
4,66699986;30,25036621
4,66799986;30,25036621
4,66899986;30,25036621
4,66999986;30,25036621
4,67099986;30,25036621
4,67199986;30,25036621
4,67299986;30,25036621
4,67399986;30,25036621
4,67499986;29,13078117
4,67599986;30,25036621
4,67699986;29,13078117
4,67799986;29,13078117
4,67899986;28,01119423
4,67999986;28,01119423
4,68099986;26,88853073
4,68199986;26,88853073
4,68299986;25,76894569
4,68399986;24,64935684
4,68499986;24,64935684
4,68599986;24,64935684
4,68699986;23,52669716
4,68799986;23,52669716
4,68899986;22,40711021
4,68999986;21,28752327
4,69099986;20,16793633
4,69199986;20,16793633
4,69299986;19,04527283
4,69399986;17,92568779
4,69499986;17,92568779
4,69599986;15,68343925
4,69699986;15,68343925
4,69799986;14,56385231
4,69899986;13,44426537
4,69999986;12,32467842
4,70099986;11,20201683
4,70199986;10,08243084
4,70299986;8,96284389
4,70399986;7,84018135
4,70499986;6,72059488
4,70599986;6,72059488
4,70699986;4,48142195
4,70799986;3,35875964
4,70899986;2,23917317
4,70999986;2,23917317
4,71099986;0,00000000
4,71199986;-1,11958659
4,71299986;-2,23917317
4,71399986;-3,35875964
4,71499986;-4,48142195
4,71599986;-5,60100842
4,71699986;-6,72059488
4,71799986;-7,84018135
4,71899986;-8,96284389
4,71999986;-10,08243084
4,72099986;-11,20201683
4,72199986;-12,32467842
4,72299986;-13,44426537
4,72399986;-14,56385231
4,72499986;-15,68343925
4,72599986;-16,80610085
4,72699986;-17,92568779
4,72799986;-19,04527283
4,72899986;-20,16793633
4,72999986;-21,28752327
4,73099986;-21,28752327
4,73199986;-22,40711021
4,73299986;-23,52669716
4,73399986;-24,64935684
4,73499986;-25,76894569
4,73599986;-25,76894569
4,73699986;-26,88853073
4,73799986;-26,88853073
4,73899986;-28,01119423
4,73999986;-28,01119423
4,74099986;-29,13078117
4,74199986;-29,13078117
4,74299986;-29,13078117
4,74399986;-29,13078117
4,74499986;-29,13078117
4,74599986;-29,13078117
4,74699986;-29,13078117
4,74799986;-29,13078117
4,74899986;-30,25036621
4,74999986;-30,25036621
4,75099986;-29,13078117
4,75199986;-29,13078117
4,75299986;-29,13078117
4,75399986;-29,13078117
4,75499986;-29,13078117
4,75599986;-29,13078117
4,75699986;-28,01119423
4,75799986;-28,01119423
4,75899986;-28,01119423
4,75999986;-28,01119423
4,76099986;-26,88853073
4,76199986;-28,01119423
4,76299986;-26,88853073
4,76399986;-26,88853073
4,76499986;-25,76894569
4,76599986;-25,76894569
4,76699986;-25,76894569
4,76799986;-24,64935684
4,76899986;-24,64935684
4,76999986;-24,64935684
4,77099986;-24,64935684
4,77199986;-24,64935684
4,77299986;-23,52669716
4,77399986;-23,52669716
4,77499986;-23,52669716
4,77599986;-23,52669716
4,77699986;-22,40711021
4,77799986;-21,28752327
4,77899986;-21,28752327
4,77999986;-20,16793633
4,78099986;-20,16793633
4,78199986;-19,04527283
4,78299986;-17,92568779
4,78399986;-17,92568779
4,78499986;-16,80610085
4,78599986;-16,80610085
4,78699986;-15,68343925
4,78799986;-14,56385231
4,78899986;-14,56385231
4,78999986;-13,44426537
4,79099986;-12,32467842
4,79199986;-11,20201683
4,79299986;-10,08243084
4,79399986;-8,96284389
4,79499986;-7,84018135
4,79599986;-7,84018135
4,79699986;-6,72059488
4,79799986;-4,48142195
4,79899986;-4,48142195
4,79999986;-3,35875964
4,80099986;-2,23917317
4,80199986;-1,11958659
4,80299986;0,00000000
4,80399986;1,11958659
4,80499986;2,23917317
4,80599985;3,35875964
4,80699985;5,60100842
4,80799985;6,72059488
4,80899985;7,84018135
4,80999985;8,96284389
4,81099985;8,96284389
4,81199985;10,08243084
4,81299985;11,20201683
4,81399985;13,44426537
4,81499985;14,56385231
4,81599985;15,68343925
4,81699985;16,80610085
4,81799985;16,80610085
4,81899985;17,92568779
4,81999985;19,04527283
4,82099985;20,16793633
4,82199985;21,28752327
4,82299985;21,28752327
4,82399985;22,40711021
4,82499985;23,52669716
4,82599985;24,64935684
4,82699985;25,76894569
4,82799985;25,76894569
4,82899985;26,88853073
4,82999985;26,88853073
4,83099985;28,01119423
4,83199985;29,13078117
4,83299985;29,13078117
4,83399985;29,13078117
4,83499985;30,25036621
4,83599985;30,25036621
4,83699985;30,25036621
4,83799985;30,25036621
4,83899985;30,25036621
4,83999985;30,25036621
4,84099985;31,36995316
4,84199985;31,36995316
4,84299985;31,36995316
4,84399985;31,36995316
4,84499985;31,36995316
4,84599985;31,36995316
4,84699985;31,36995316
4,84799985;30,25036621
4,84899985;30,25036621
4,84999985;30,25036621
4,85099985;30,25036621
4,85199985;30,25036621
4,85299985;29,13078117
4,85399985;29,13078117
4,85499985;29,13078117
4,85599985;28,01119423
4,85699985;28,01119423
4,85799985;28,01119423
4,85899985;26,88853073
4,85999985;26,88853073
4,86099985;25,76894569
4,86199985;25,76894569
4,86299985;24,64935684
4,86399985;23,52669716
4,86499985;23,52669716
4,86599985;22,40711021
4,86699985;22,40711021
4,86799985;21,28752327
4,86899985;20,16793633
4,86999985;20,16793633
4,87099985;19,04527283
4,87199985;17,92568779
4,87299985;16,80610085
4,87399985;16,80610085
4,87499985;15,68343925
4,87599985;14,56385231
4,87699985;13,44426537
4,87799985;12,32467842
4,87899985;11,20201683
4,87999985;10,08243084
4,88099985;8,96284389
4,88199985;7,84018135
4,88299985;6,72059488
4,88399985;5,60100842
4,88499985;4,48142195
4,88599985;3,35875964
4,88699985;2,23917317
4,88799985;1,11958659
4,88899985;0,00000000
4,88999985;-1,11958659
4,89099985;-2,23917317
4,89199985;-3,35875964
4,89299985;-4,48142195
4,89399985;-5,60100842
4,89499985;-6,72059488
4,89599985;-7,84018135
4,89699985;-8,96284389
4,89799985;-10,08243084
4,89899985;-11,20201683
4,89999985;-12,32467842
4,90099985;-13,44426537
4,90199985;-14,56385231
4,90299985;-15,68343925
4,90399985;-16,80610085
4,90499985;-17,92568779
4,90599985;-19,04527283
4,90699985;-20,16793633
4,90799985;-21,28752327
4,90899985;-22,40711021
4,90999985;-22,40711021
4,91099985;-23,52669716
4,91199985;-24,64935684
4,91299985;-25,76894569
4,91399985;-25,76894569
4,91499985;-26,88853073
4,91599985;-28,01119423
4,91699985;-28,01119423
4,91799985;-28,01119423
4,91899985;-28,01119423
4,91999985;-28,01119423
4,92099985;-29,13078117
4,92199985;-29,13078117
4,92299985;-29,13078117
4,92399985;-29,13078117
4,92499985;-30,25036621
4,92599985;-29,13078117
4,92699985;-29,13078117
4,92799985;-29,13078117
4,92899985;-30,25036621
4,92999985;-29,13078117
4,93099985;-29,13078117
4,93199985;-29,13078117
4,93299985;-29,13078117
4,93399985;-29,13078117
4,93499985;-28,01119423
4,93599985;-28,01119423
4,93699985;-28,01119423
4,93799985;-28,01119423
4,93899985;-28,01119423
4,93999985;-26,88853073
4,94099985;-26,88853073
4,94199985;-26,88853073
4,94299985;-25,76894569
4,94399985;-25,76894569
4,94499985;-25,76894569
4,94599985;-25,76894569
4,94699985;-24,64935684
4,94799985;-24,64935684
4,94899985;-24,64935684
4,94999985;-24,64935684
4,95099985;-23,52669716
4,95199985;-23,52669716
4,95299985;-23,52669716
4,95399985;-23,52669716
4,95499985;-22,40711021
4,95599985;-21,28752327
4,95699985;-21,28752327
4,95799985;-20,16793633
4,95899985;-20,16793633
4,95999985;-19,04527283
4,96099985;-17,92568779
4,96199985;-17,92568779
4,96299985;-16,80610085
4,96399985;-15,68343925
4,96499985;-15,68343925
4,96599985;-14,56385231
4,96699985;-13,44426537
4,96799985;-13,44426537
4,96899985;-12,32467842
4,96999985;-11,20201683
4,97099985;-10,08243084
4,97199985;-8,96284389
4,97299985;-7,84018135
4,97399985;-6,72059488
4,97499985;-6,72059488
4,97599985;-4,48142195
4,97699985;-4,48142195
4,97799985;-2,23917317
4,97899985;-1,11958659
4,97999985;-1,11958659
4,98099985;0,00000000
4,98199985;2,23917317
4,98299985;3,35875964
4,98399985;4,48142195
4,98499985;5,60100842
4,98599985;6,72059488
4,98699985;7,84018135
4,98799985;8,96284389
4,98899985;10,08243084
4,98999985;11,20201683
4,99099985;12,32467842
4,99199985;13,44426537
4,99299985;13,44426537
4,99399985;15,68343925
4,99499985;16,80610085
4,99599985;16,80610085
4,99699985;19,04527283
4,99799985;19,04527283
4,99899985;20,16793633
4,99999985;21,28752327
5,00099985;22,40711021
5,00199985;22,40711021
5,00299985;23,52669716
5,00399985;24,64935684
5,00499985;25,76894569
5,00599985;25,76894569
5,00699985;26,88853073
5,00799985;26,88853073
5,00899985;28,01119423
5,00999985;29,13078117
5,01099985;29,13078117
5,01199985;29,13078117
5,01299985;29,13078117
5,01399985;30,25036621
5,01499985;30,25036621
5,01599985;30,25036621
5,01699985;31,36995316
5,01799985;31,36995316
5,01899985;31,36995316
5,01999985;30,25036621
5,02099985;30,25036621
5,02199985;31,36995316
5,02299985;31,36995316
5,02399985;31,36995316
5,02499985;30,25036621
5,02599985;30,25036621
5,02699985;30,25036621
5,02799985;30,25036621
5,02899985;30,25036621
5,02999985;30,25036621
5,03099985;29,13078117
5,03199985;29,13078117
5,03299985;29,13078117
5,03399985;28,01119423
5,03499985;28,01119423
5,03599985;28,01119423
5,03699985;26,88853073
5,03799985;26,88853073
5,03899985;25,76894569
5,03999985;25,76894569
5,04099985;24,64935684
5,04199985;23,52669716
5,04299985;23,52669716
5,04399985;22,40711021
5,04499985;21,28752327
5,04599985;20,16793633
5,04699985;20,16793633
5,04799985;20,16793633
5,04899985;19,04527283
5,04999985;17,92568779
5,05099985;16,80610085
5,05199985;16,80610085
5,05299985;15,68343925
5,05399985;14,56385231
5,05499985;13,44426537
5,05599985;12,32467842
5,05699985;11,20201683
5,05799985;10,08243084
5,05899985;8,96284389
5,05999985;7,84018135
5,06099985;6,72059488
5,06199985;5,60100842
5,06299985;4,48142195
5,06399985;3,35875964
5,06499985;2,23917317
5,06599985;2,23917317
5,06699985;0,00000000
5,06799985;-1,11958659
5,06899985;-2,23917317
5,06999985;-3,35875964
5,07099985;-4,48142195
5,07199985;-5,60100842
5,07299985;-6,72059488
5,07399985;-7,84018135
5,07499985;-10,08243084
5,07599985;-11,20201683
5,07699985;-11,20201683
5,07799985;-12,32467842
5,07899985;-13,44426537
5,07999985;-15,68343925
5,08099985;-15,68343925
5,08199985;-16,80610085
5,08299985;-17,92568779
5,08399985;-19,04527283
5,08499985;-20,16793633
5,08599985;-21,28752327
5,08699985;-22,40711021
5,08799985;-23,52669716
5,08899985;-24,64935684
5,08999985;-24,64935684
5,09099985;-24,64935684
5,09199985;-25,76894569
5,09299985;-26,88853073
5,09399985;-28,01119423
5,09499985;-28,01119423
5,09599985;-28,01119423
5,09699985;-28,01119423
5,09799985;-28,01119423
5,09899985;-29,13078117
5,09999985;-29,13078117
5,10099985;-29,13078117
5,10199985;-29,13078117
5,10299985;-29,13078117
5,10399985;-29,13078117
5,10499985;-29,13078117
5,10599985;-30,25036621
5,10699985;-30,25036621
5,10799985;-29,13078117
5,10899985;-29,13078117
5,10999985;-29,13078117
5,11099985;-29,13078117
5,11199985;-29,13078117
5,11299985;-28,01119423
5,11399985;-28,01119423
5,11499985;-28,01119423
5,11599985;-28,01119423
5,11699985;-28,01119423
5,11799985;-26,88853073
5,11899985;-26,88853073
5,11999985;-26,88853073
5,12099985;-26,88853073
5,12199985;-25,76894569
5,12299985;-25,76894569
5,12399985;-24,64935684
5,12499985;-25,76894569
5,12599985;-24,64935684
5,12699985;-23,52669716
5,12799985;-23,52669716
5,12899985;-23,52669716
5,12999985;-23,52669716
5,13099985;-23,52669716
5,13199985;-22,40711021
5,13299985;-22,40711021
5,13399985;-21,28752327
5,13499985;-20,16793633
5,13599985;-20,16793633
5,13699985;-19,04527283
5,13799985;-19,04527283
5,13899985;-17,92568779
5,13999985;-17,92568779
5,14099985;-16,80610085
5,14199985;-15,68343925
5,14299985;-15,68343925
5,14399985;-14,56385231
5,14499985;-13,44426537
5,14599985;-13,44426537
5,14699985;-12,32467842
5,14799985;-11,20201683
5,14899985;-10,08243084
5,14999985;-8,96284389
5,15099985;-7,84018135
5,15199985;-6,72059488
5,15299985;-5,60100842
5,15399985;-4,48142195
5,15499985;-3,35875964
5,15599985;-2,23917317
5,15699985;-1,11958659
5,15799985;0,00000000
5,15899984;1,11958659
5,15999984;2,23917317
5,16099984;3,35875964
5,16199984;4,48142195
5,16299984;5,60100842
5,16399984;6,72059488
5,16499984;7,84018135
5,16599984;8,96284389
5,16699984;10,08243084
5,16799984;11,20201683
5,16899984;12,32467842
5,16999984;13,44426537
5,17099984;14,56385231
5,17199984;15,68343925
5,17299984;16,80610085
5,17399984;17,92568779
5,17499984;17,92568779
5,17599984;19,04527283
5,17699984;20,16793633
5,17799984;21,28752327
5,17899984;22,40711021
5,17999984;23,52669716
5,18099984;23,52669716
5,18199984;24,64935684
5,18299984;25,76894569
5,18399984;26,88853073
5,18499984;26,88853073
5,18599984;26,88853073
5,18699984;28,01119423
5,18799984;29,13078117
5,18899984;29,13078117
5,18999984;29,13078117
5,19099984;30,25036621
5,19199984;30,25036621
5,19299984;30,25036621
5,19399984;30,25036621
5,19499984;31,36995316
5,19599984;30,25036621
5,19699984;31,36995316
5,19799984;31,36995316
5,19899984;31,36995316
5,19999984;31,36995316
5,20099984;31,36995316
5,20199984;31,36995316
5,20299984;30,25036621
5,20399984;30,25036621
5,20499984;30,25036621
5,20599984;30,25036621
5,20699984;30,25036621
5,20799984;29,13078117
5,20899984;29,13078117
5,20999984;29,13078117
5,21099984;29,13078117
5,21199984;28,01119423
5,21299984;28,01119423
5,21399984;28,01119423
5,21499984;26,88853073
5,21599984;26,88853073
5,21699984;25,76894569
5,21799984;24,64935684
5,21899984;24,64935684
5,21999984;23,52669716
5,22099984;23,52669716
5,22199984;22,40711021
5,22299984;21,28752327
5,22399984;21,28752327
5,22499984;20,16793633
5,22599984;19,04527283
5,22699984;19,04527283
5,22799984;17,92568779
5,22899984;16,80610085
5,22999984;15,68343925
5,23099984;15,68343925
5,23199984;14,56385231
5,23299984;13,44426537
5,23399984;12,32467842
5,23499984;11,20201683
5,23599984;10,08243084
5,23699984;8,96284389
5,23799984;7,84018135
5,23899984;6,72059488
5,23999984;5,60100842
5,24099984;4,48142195
5,24199984;3,35875964
5,24299984;2,23917317
5,24399984;1,11958659
5,24499984;0,00000000
5,24599984;-1,11958659
5,24699984;-2,23917317
5,24799984;-3,35875964
5,24899984;-4,48142195
5,24999984;-5,60100842
5,25099984;-6,72059488
5,25199984;-7,84018135
5,25299984;-8,96284389
5,25399984;-10,08243084
5,25499984;-11,20201683
5,25599984;-13,44426537
5,25699984;-13,44426537
5,25799984;-15,68343925
5,25899984;-16,80610085
5,25999984;-17,92568779
5,26099984;-17,92568779
5,26199984;-19,04527283
5,26299984;-20,16793633
5,26399984;-21,28752327
5,26499984;-22,40711021
5,26599984;-23,52669716
5,26699984;-23,52669716
5,26799984;-24,64935684
5,26899984;-25,76894569
5,26999984;-25,76894569
5,27099984;-26,88853073
5,27199984;-26,88853073
5,27299984;-28,01119423
5,27399984;-28,01119423
5,27499984;-28,01119423
5,27599984;-28,01119423
5,27699984;-29,13078117
5,27799984;-29,13078117
5,27899984;-29,13078117
5,27999984;-29,13078117
5,28099984;-29,13078117
5,28199984;-29,13078117
5,28299984;-30,25036621
5,28399984;-29,13078117
5,28499984;-29,13078117
5,28599984;-29,13078117
5,28699984;-29,13078117
5,28799984;-29,13078117
5,28899984;-28,01119423
5,28999984;-28,01119423
5,29099984;-28,01119423
5,29199984;-28,01119423
5,29299984;-28,01119423
5,29399984;-28,01119423
5,29499984;-26,88853073
5,29599984;-26,88853073
5,29699984;-26,88853073
5,29799984;-25,76894569
5,29899984;-25,76894569
5,29999984;-25,76894569
5,30099984;-25,76894569
5,30199984;-25,76894569
5,30299984;-24,64935684
5,30399984;-24,64935684
5,30499984;-24,64935684
5,30599984;-23,52669716
5,30699984;-23,52669716
5,30799984;-23,52669716
5,30899984;-23,52669716
5,30999984;-22,40711021
5,31099984;-22,40711021
5,31199984;-21,28752327
5,31299984;-20,16793633
5,31399984;-20,16793633
5,31499984;-19,04527283
5,31599984;-19,04527283
5,31699984;-17,92568779
5,31799984;-17,92568779
5,31899984;-15,68343925
5,31999984;-15,68343925
5,32099984;-14,56385231
5,32199984;-14,56385231
5,32299984;-13,44426537
5,32399984;-12,32467842
5,32499984;-12,32467842
5,32599984;-11,20201683
5,32699984;-10,08243084
5,32799984;-8,96284389
5,32899984;-7,84018135
5,32999984;-6,72059488
5,33099984;-5,60100842
5,33199984;-4,48142195
5,33299984;-3,35875964
5,33399984;-2,23917317
5,33499984;-1,11958659
5,33599984;0,00000000
5,33699984;1,11958659
5,33799984;2,23917317
5,33899984;3,35875964
5,33999984;4,48142195
5,34099984;5,60100842
5,34199984;6,72059488
5,34299984;7,84018135
5,34399984;8,96284389
5,34499984;10,08243084
5,34599984;11,20201683
5,34699984;12,32467842
5,34799984;13,44426537
5,34899984;14,56385231
5,34999984;15,68343925
5,35099984;16,80610085
5,35199984;17,92568779
5,35299984;19,04527283
5,35399984;20,16793633
5,35499984;20,16793633
5,35599984;21,28752327
5,35699984;22,40711021
5,35799984;23,52669716
5,35899984;23,52669716
5,35999984;24,64935684
5,36099984;25,76894569
5,36199984;25,76894569
5,36299984;26,88853073
5,36399984;28,01119423
5,36499984;28,01119423
5,36599984;29,13078117
5,36699984;29,13078117
5,36799984;30,25036621
5,36899984;30,25036621
5,36999984;30,25036621
5,37099984;30,25036621
5,37199984;30,25036621
5,37299984;30,25036621
5,37399984;31,36995316
5,37499984;31,36995316
5,37599984;31,36995316
5,37699984;31,36995316
5,37799984;31,36995316
5,37899984;31,36995316
5,37999984;31,36995316
5,38099984;31,36995316
5,38199984;31,36995316
5,38299984;30,25036621
5,38399984;30,25036621
5,38499984;30,25036621
5,38599984;30,25036621
5,38699984;29,13078117
5,38799984;29,13078117
5,38899984;29,13078117
5,38999984;29,13078117
5,39099984;28,01119423
5,39199984;26,88853073
5,39299984;26,88853073
5,39399984;26,88853073
5,39499984;25,76894569
5,39599984;24,64935684
5,39699984;24,64935684
5,39799984;23,52669716
5,39899984;23,52669716
5,39999984;22,40711021
5,40099984;22,40711021
5,40199984;21,28752327
5,40299984;20,16793633
5,40399984;19,04527283
5,40499984;19,04527283
5,40599984;17,92568779
5,40699984;16,80610085
5,40799984;15,68343925
5,40899984;14,56385231
5,40999984;14,56385231
5,41099984;13,44426537
5,41199984;11,20201683
5,41299984;11,20201683
5,41399984;10,08243084
5,41499984;8,96284389
5,41599984;7,84018135
5,41699984;6,72059488
5,41799984;5,60100842
5,41899984;4,48142195
5,41999984;3,35875964
5,42099984;2,23917317
5,42199984;1,11958659
5,42299984;0,00000000
5,42399984;-1,11958659
5,42499984;-2,23917317
5,42599984;-3,35875964
5,42699984;-4,48142195
5,42799984;-5,60100842
5,42899984;-6,72059488
5,42999984;-7,84018135
5,43099984;-8,96284389
5,43199984;-10,08243084
5,43299984;-11,20201683
5,43399984;-13,44426537
5,43499984;-14,56385231
5,43599984;-14,56385231
5,43699984;-16,80610085
5,43799984;-17,92568779
5,43899984;-17,92568779
5,43999984;-19,04527283
5,44099984;-20,16793633
5,44199984;-21,28752327
5,44299984;-22,40711021
5,44399984;-23,52669716
5,44499984;-23,52669716
5,44599984;-24,64935684
5,44699984;-25,76894569
5,44799984;-25,76894569
5,44899984;-26,88853073
5,44999984;-26,88853073
5,45099984;-28,01119423
5,45199984;-28,01119423
5,45299984;-28,01119423
5,45399984;-29,13078117
5,45499984;-29,13078117
5,45599984;-29,13078117
5,45699984;-29,13078117
5,45799984;-29,13078117
5,45899984;-29,13078117
5,45999984;-29,13078117
5,46099984;-30,25036621
5,46199984;-30,25036621
5,46299984;-29,13078117
5,46399984;-29,13078117
5,46499984;-29,13078117
5,46599984;-29,13078117
5,46699984;-29,13078117
5,46799984;-28,01119423
5,46899984;-28,01119423
5,46999984;-28,01119423
5,47099984;-28,01119423
5,47199984;-28,01119423
5,47299984;-26,88853073
5,47399984;-26,88853073
5,47499984;-26,88853073
5,47599984;-26,88853073
5,47699984;-25,76894569
5,47799984;-25,76894569
5,47899984;-25,76894569
5,47999984;-24,64935684
5,48099984;-24,64935684
5,48199984;-24,64935684
5,48299984;-24,64935684
5,48399984;-24,64935684
5,48499984;-23,52669716
5,48599984;-23,52669716
5,48699984;-23,52669716
5,48799984;-22,40711021
5,48899984;-22,40711021
5,48999984;-20,16793633
5,49099984;-20,16793633
5,49199984;-20,16793633
5,49299984;-19,04527283
5,49399984;-19,04527283
5,49499984;-17,92568779
5,49599984;-16,80610085
5,49699984;-15,68343925
5,49799984;-15,68343925
5,49899984;-14,56385231
5,49999984;-13,44426537
5,50099984;-13,44426537
5,50199984;-12,32467842
5,50299984;-12,32467842
5,50399984;-11,20201683
5,50499984;-10,08243084
5,50599984;-8,96284389
5,50699984;-7,84018135
5,50799984;-6,72059488
5,50899984;-5,60100842
5,50999984;-4,48142195
5,51099984;-3,35875964
5,51199984;-2,23917317
5,51299983;-1,11958659
5,51399983;0,00000000
5,51499983;2,23917317
5,51599983;2,23917317
5,51699983;3,35875964
5,51799983;4,48142195
5,51899983;5,60100842
5,51999983;6,72059488
5,52099983;7,84018135
5,52199983;8,96284389
5,52299983;10,08243084
5,52399983;11,20201683
5,52499983;12,32467842
5,52599983;13,44426537
5,52699983;14,56385231
5,52799983;15,68343925
5,52899983;16,80610085
5,52999983;17,92568779
5,53099983;19,04527283
5,53199983;20,16793633
5,53299983;21,28752327
5,53399983;21,28752327
5,53499983;22,40711021
5,53599983;23,52669716
5,53699983;24,64935684
5,53799983;24,64935684
5,53899983;25,76894569
5,53999983;26,88853073
5,54099983;26,88853073
5,54199983;28,01119423
5,54299983;28,01119423
5,54399983;29,13078117
5,54499983;29,13078117
5,54599983;30,25036621
5,54699983;30,25036621
5,54799983;30,25036621
5,54899983;30,25036621
5,54999983;30,25036621
5,55099983;30,25036621
5,55199983;31,36995316
5,55299983;31,36995316
5,55399983;31,36995316
5,55499983;31,36995316
5,55599983;31,36995316
5,55699983;31,36995316
5,55799983;31,36995316
5,55899983;30,25036621
5,55999983;30,25036621
5,56099983;30,25036621
5,56199983;30,25036621
5,56299983;30,25036621
5,56399983;29,13078117
5,56499983;29,13078117
5,56599983;29,13078117
5,56699983;29,13078117
5,56799983;29,13078117
5,56899983;28,01119423
5,56999983;26,88853073
5,57099983;26,88853073
5,57199983;26,88853073
5,57299983;25,76894569
5,57399983;25,76894569
5,57499983;24,64935684
5,57599983;23,52669716
5,57699983;23,52669716
5,57799983;22,40711021
5,57899983;21,28752327
5,57999983;21,28752327
5,58099983;20,16793633
5,58199983;19,04527283
5,58299983;19,04527283
5,58399983;17,92568779
5,58499983;16,80610085
5,58599983;15,68343925
5,58699983;14,56385231
5,58799983;14,56385231
5,58899983;13,44426537
5,58999983;12,32467842
5,59099983;11,20201683
5,59199983;10,08243084
5,59299983;8,96284389
5,59399983;7,84018135
5,59499983;6,72059488
5,59599983;5,60100842
5,59699983;4,48142195
5,59799983;3,35875964
5,59899983;2,23917317
5,59999983;1,11958659
5,60099983;0,00000000
5,60199983;-1,11958659
5,60299983;-3,35875964
5,60399983;-3,35875964
5,60499983;-4,48142195
5,60599983;-5,60100842
5,60699983;-6,72059488
5,60799983;-8,96284389
5,60899983;-10,08243084
5,60999983;-11,20201683
5,61099983;-12,32467842
5,61199983;-13,44426537
5,61299983;-14,56385231
5,61399983;-15,68343925
5,61499983;-16,80610085
5,61599983;-17,92568779
5,61699983;-19,04527283
5,61799983;-20,16793633
5,61899983;-20,16793633
5,61999983;-21,28752327
5,62099983;-22,40711021
5,62199983;-23,52669716
5,62299983;-24,64935684
5,62399983;-24,64935684
5,62499983;-25,76894569
5,62599983;-26,88853073
5,62699983;-26,88853073
5,62799983;-26,88853073
5,62899983;-28,01119423
5,62999983;-28,01119423
5,63099983;-28,01119423
5,63199983;-28,01119423
5,63299983;-29,13078117
5,63399983;-29,13078117
5,63499983;-29,13078117
5,63599983;-29,13078117
5,63699983;-30,25036621
5,63799983;-30,25036621
5,63899983;-29,13078117
5,63999983;-29,13078117
5,64099983;-29,13078117
5,64199983;-29,13078117
5,64299983;-29,13078117
5,64399983;-29,13078117
5,64499983;-29,13078117
5,64599983;-29,13078117
5,64699983;-28,01119423
5,64799983;-28,01119423
5,64899983;-28,01119423
5,64999983;-26,88853073
5,65099983;-28,01119423
5,65199983;-26,88853073
5,65299983;-26,88853073
5,65399983;-26,88853073
5,65499983;-25,76894569
5,65599983;-25,76894569
5,65699983;-24,64935684
5,65799983;-24,64935684
5,65899983;-24,64935684
5,65999983;-24,64935684
5,66099983;-24,64935684
5,66199983;-24,64935684
5,66299983;-23,52669716
5,66399983;-23,52669716
5,66499983;-22,40711021
5,66599983;-22,40711021
5,66699983;-22,40711021
5,66799983;-21,28752327
5,66899983;-20,16793633
5,66999983;-20,16793633
5,67099983;-19,04527283
5,67199983;-19,04527283
5,67299983;-17,92568779
5,67399983;-16,80610085
5,67499983;-15,68343925
5,67599983;-15,68343925
5,67699983;-14,56385231
5,67799983;-13,44426537
5,67899983;-12,32467842
5,67999983;-12,32467842
5,68099983;-11,20201683
5,68199983;-10,08243084
5,68299983;-8,96284389
5,68399983;-7,84018135
5,68499983;-6,72059488
5,68599983;-6,72059488
5,68699983;-5,60100842
5,68799983;-4,48142195
5,68899983;-2,23917317
5,68999983;-2,23917317
5,69099983;-1,11958659
5,69199983;0,00000000
5,69299983;1,11958659
5,69399983;3,35875964
5,69499983;4,48142195
5,69599983;5,60100842
5,69699983;5,60100842
5,69799983;6,72059488
5,69899983;7,84018135
5,69999983;8,96284389
5,70099983;10,08243084
5,70199983;12,32467842
5,70299983;13,44426537
5,70399983;14,56385231
5,70499983;14,56385231
5,70599983;15,68343925
5,70699983;16,80610085
5,70799983;17,92568779
5,70899983;19,04527283
5,70999983;20,16793633
5,71099983;21,28752327
5,71199983;21,28752327
5,71299983;22,40711021
5,71399983;23,52669716
5,71499983;24,64935684
5,71599983;24,64935684
5,71699983;25,76894569
5,71799983;26,88853073
5,71899983;26,88853073
5,71999983;28,01119423
5,72099983;28,01119423
5,72199983;29,13078117
5,72299983;29,13078117
5,72399983;29,13078117
5,72499983;29,13078117
5,72599983;30,25036621
5,72699983;30,25036621
5,72799983;31,36995316
5,72899983;31,36995316
5,72999983;31,36995316
5,73099983;31,36995316
5,73199983;31,36995316
5,73299983;31,36995316
5,73399983;31,36995316
5,73499983;31,36995316
5,73599983;31,36995316
5,73699983;30,25036621
5,73799983;30,25036621
5,73899983;30,25036621
5,73999983;30,25036621
5,74099983;30,25036621
5,74199983;30,25036621
5,74299983;29,13078117
5,74399983;29,13078117
5,74499983;28,01119423
5,74599983;29,13078117
5,74699983;28,01119423
5,74799983;28,01119423
5,74899983;26,88853073
5,74999983;25,76894569
5,75099983;25,76894569
5,75199983;25,76894569
5,75299983;24,64935684
5,75399983;23,52669716
5,75499983;22,40711021
5,75599983;22,40711021
5,75699983;21,28752327
5,75799983;20,16793633
5,75899983;19,04527283
5,75999983;19,04527283
5,76099983;17,92568779
5,76199983;17,92568779
5,76299983;16,80610085
5,76399983;15,68343925
5,76499983;14,56385231
5,76599983;13,44426537
5,76699983;12,32467842
5,76799983;11,20201683
5,76899983;11,20201683
5,76999983;10,08243084
5,77099983;8,96284389
5,77199983;7,84018135
5,77299983;6,72059488
5,77399983;5,60100842
5,77499983;4,48142195
5,77599983;3,35875964
5,77699983;2,23917317
5,77799983;1,11958659
5,77899983;-1,11958659
5,77999983;-2,23917317
5,78099983;-2,23917317
5,78199983;-3,35875964
5,78299983;-5,60100842
5,78399983;-6,72059488
5,78499983;-6,72059488
5,78599983;-8,96284389
5,78699983;-10,08243084
5,78799983;-11,20201683
5,78899983;-12,32467842
5,78999983;-13,44426537
5,79099983;-14,56385231
5,79199983;-15,68343925
5,79299983;-16,80610085
5,79399983;-17,92568779
5,79499983;-19,04527283
5,79599983;-20,16793633
5,79699983;-21,28752327
5,79799983;-21,28752327
5,79899983;-22,40711021
5,79999983;-23,52669716
5,80099983;-24,64935684
5,80199983;-24,64935684
5,80299983;-25,76894569
5,80399983;-26,88853073
5,80499983;-26,88853073
5,80599983;-26,88853073
5,80699983;-28,01119423
5,80799983;-28,01119423
5,80899983;-29,13078117
5,80999983;-29,13078117
5,81099983;-29,13078117
5,81199983;-29,13078117
5,81299983;-29,13078117
5,81399983;-29,13078117
5,81499983;-29,13078117
5,81599983;-29,13078117
5,81699983;-29,13078117
5,81799983;-29,13078117
5,81899983;-29,13078117
5,81999983;-30,25036621
5,82099983;-29,13078117
5,82199983;-28,01119423
5,82299983;-28,01119423
5,82399983;-29,13078117
5,82499983;-28,01119423
5,82599983;-28,01119423
5,82699983;-26,88853073
5,82799983;-28,01119423
5,82899983;-28,01119423
5,82999983;-26,88853073
5,83099983;-26,88853073
5,83199983;-25,76894569
5,83299983;-25,76894569
5,83399983;-25,76894569
5,83499983;-24,64935684
5,83599983;-24,64935684
5,83699983;-24,64935684
5,83799983;-24,64935684
5,83899983;-23,52669716
5,83999983;-23,52669716
5,84099983;-23,52669716
5,84199983;-23,52669716
5,84299983;-23,52669716
5,84399983;-22,40711021
5,84499983;-22,40711021
5,84599983;-21,28752327
5,84699983;-20,16793633
5,84799983;-19,04527283
5,84899983;-19,04527283
5,84999983;-17,92568779
5,85099983;-17,92568779
5,85199983;-16,80610085
5,85299983;-15,68343925
5,85399983;-15,68343925
5,85499983;-14,56385231
5,85599983;-13,44426537
5,85699983;-13,44426537
5,85799983;-12,32467842
5,85899983;-11,20201683
5,85999983;-10,08243084
5,86099983;-8,96284389
5,86199983;-8,96284389
5,86299983;-6,72059488
5,86399983;-6,72059488
5,86499983;-4,48142195
5,86599982;-3,35875964
5,86699982;-3,35875964
5,86799982;-2,23917317
5,86899982;-1,11958659
5,86999982;0,00000000
5,87099982;2,23917317
5,87199982;3,35875964
5,87299982;4,48142195
5,87399982;5,60100842
5,87499982;6,72059488
5,87599982;7,84018135
5,87699982;7,84018135
5,87799982;10,08243084
5,87899982;10,08243084
5,87999982;11,20201683
5,88099982;13,44426537
5,88199982;13,44426537
5,88299982;14,56385231
5,88399982;15,68343925
5,88499982;16,80610085
5,88599982;19,04527283
5,88699982;19,04527283
5,88799982;20,16793633
5,88899982;21,28752327
5,88999982;22,40711021
5,89099982;22,40711021
5,89199982;23,52669716
5,89299982;24,64935684
5,89399982;24,64935684
5,89499982;25,76894569
5,89599982;26,88853073
5,89699982;26,88853073
5,89799982;28,01119423
5,89899982;29,13078117
5,89999982;29,13078117
5,90099982;29,13078117
5,90199982;30,25036621
5,90299982;30,25036621
5,90399982;30,25036621
5,90499982;30,25036621
5,90599982;30,25036621
5,90699982;31,36995316
5,90799982;31,36995316
5,90899982;31,36995316
5,90999982;31,36995316
5,91099982;31,36995316
5,91199982;31,36995316
5,91299982;31,36995316
5,91399982;31,36995316
5,91499982;31,36995316
5,91599982;30,25036621
5,91699982;30,25036621
5,91799982;30,25036621
5,91899982;30,25036621
5,91999982;29,13078117
5,92099982;29,13078117
5,92199982;29,13078117
5,92299982;28,01119423
5,92399982;29,13078117
5,92499982;28,01119423
5,92599982;26,88853073
5,92699982;26,88853073
5,92799982;26,88853073
5,92899982;25,76894569
5,92999982;24,64935684
5,93099982;24,64935684
5,93199982;23,52669716
5,93299982;22,40711021
5,93399982;22,40711021
5,93499982;21,28752327
5,93599982;21,28752327
5,93699982;20,16793633
5,93799982;19,04527283
5,93899982;17,92568779
5,93999982;17,92568779
5,94099982;16,80610085
5,94199982;15,68343925
5,94299982;14,56385231
5,94399982;13,44426537
5,94499982;12,32467842
5,94599982;11,20201683
5,94699982;11,20201683
5,94799982;10,08243084
5,94899982;8,96284389
5,94999982;7,84018135
5,95099982;6,72059488
5,95199982;5,60100842
5,95299982;4,48142195
5,95399982;3,35875964
5,95499982;2,23917317
5,95599982;1,11958659
5,95699982;-1,11958659
5,95799982;-1,11958659
5,95899982;-2,23917317
5,95999982;-4,48142195
5,96099982;-4,48142195
5,96199982;-6,72059488
5,96299982;-7,84018135
5,96399982;-8,96284389
5,96499982;-10,08243084
5,96599982;-11,20201683
5,96699982;-12,32467842
5,96799982;-13,44426537
5,96899982;-14,56385231
5,96999982;-15,68343925
5,97099982;-16,80610085
5,97199982;-17,92568779
5,97299982;-19,04527283
5,97399982;-20,16793633
5,97499982;-21,28752327
5,97599982;-21,28752327
5,97699982;-22,40711021
5,97799982;-23,52669716
5,97899982;-24,64935684
5,97999982;-25,76894569
5,98099982;-25,76894569
5,98199982;-26,88853073
5,98299982;-26,88853073
5,98399982;-26,88853073
5,98499982;-28,01119423
5,98599982;-28,01119423
5,98699982;-28,01119423
5,98799982;-29,13078117
5,98899982;-29,13078117
5,98999982;-29,13078117
5,99099982;-29,13078117
5,99199982;-29,13078117
5,99299982;-30,25036621
5,99399982;-29,13078117
5,99499982;-29,13078117
5,99599982;-29,13078117
5,99699982;-29,13078117
5,99799982;-29,13078117
5,99899982;-29,13078117
5,99999982;-29,13078117
6,00099982;-29,13078117
6,00199982;-28,01119423
6,00299982;-28,01119423
6,00399982;-28,01119423
6,00499982;-26,88853073
6,00599982;-26,88853073
6,00699982;-26,88853073
6,00799982;-26,88853073
6,00899982;-26,88853073
6,00999982;-25,76894569
6,01099982;-25,76894569
6,01199982;-25,76894569
6,01299982;-25,76894569
6,01399982;-24,64935684
6,01499982;-24,64935684
6,01599982;-24,64935684
6,01699982;-24,64935684
6,01799982;-23,52669716
6,01899982;-23,52669716
6,01999982;-23,52669716
6,02099982;-23,52669716
6,02199982;-22,40711021
6,02299982;-21,28752327
6,02399982;-21,28752327
6,02499982;-20,16793633
6,02599982;-20,16793633
6,02699982;-19,04527283
6,02799982;-17,92568779
6,02899982;-17,92568779
6,02999982;-16,80610085
6,03099982;-15,68343925
6,03199982;-15,68343925
6,03299982;-14,56385231
6,03399982;-13,44426537
6,03499982;-13,44426537
6,03599982;-12,32467842
6,03699982;-11,20201683
6,03799982;-10,08243084
6,03899982;-8,96284389
6,03999982;-7,84018135
6,04099982;-6,72059488
6,04199982;-5,60100842
6,04299982;-4,48142195
6,04399982;-3,35875964
6,04499982;-2,23917317
6,04599982;-2,23917317
6,04699982;-1,11958659
6,04799982;1,11958659
6,04899982;2,23917317
6,04999982;3,35875964
6,05099982;4,48142195
6,05199982;5,60100842
6,05299982;6,72059488
6,05399982;7,84018135
6,05499982;7,84018135
6,05599982;10,08243084
6,05699982;11,20201683
6,05799982;11,20201683
6,05899982;12,32467842
6,05999982;13,44426537
6,06099982;15,68343925
6,06199982;16,80610085
6,06299982;17,92568779
6,06399982;19,04527283
6,06499982;19,04527283
6,06599982;20,16793633
6,06699982;21,28752327
6,06799982;22,40711021
6,06899982;22,40711021
6,06999982;23,52669716
6,07099982;24,64935684
6,07199982;25,76894569
6,07299982;25,76894569
6,07399982;26,88853073
6,07499982;26,88853073
6,07599982;28,01119423
6,07699982;28,01119423
6,07799982;29,13078117
6,07899982;29,13078117
6,07999982;30,25036621
6,08099982;30,25036621
6,08199982;30,25036621
6,08299982;30,25036621
6,08399982;30,25036621
6,08499982;31,36995316
6,08599982;31,36995316
6,08699982;31,36995316
6,08799982;31,36995316
6,08899982;31,36995316
6,08999982;31,36995316
6,09099982;31,36995316
6,09199982;31,36995316
6,09299982;30,25036621
6,09399982;30,25036621
6,09499982;30,25036621
6,09599982;30,25036621
6,09699982;29,13078117
6,09799982;29,13078117
6,09899982;29,13078117
6,09999982;29,13078117
6,10099982;29,13078117
6,10199982;28,01119423
6,10299982;28,01119423
6,10399982;28,01119423
6,10499982;26,88853073
6,10599982;25,76894569
6,10699982;25,76894569
6,10799982;24,64935684
6,10899982;23,52669716
6,10999982;23,52669716
6,11099982;23,52669716
6,11199982;22,40711021
6,11299982;21,28752327
6,11399982;20,16793633
6,11499982;20,16793633
6,11599982;19,04527283
6,11699982;17,92568779
6,11799982;16,80610085
6,11899982;16,80610085
6,11999982;15,68343925
6,12099982;14,56385231
6,12199982;13,44426537
6,12299982;12,32467842
6,12399982;11,20201683
6,12499982;11,20201683
6,12599982;8,96284389
6,12699982;7,84018135
6,12799982;7,84018135
6,12899982;5,60100842
6,12999982;4,48142195
6,13099982;4,48142195
6,13199982;2,23917317
6,13299982;1,11958659
6,13399982;0,00000000
6,13499982;-1,11958659
6,13599982;-1,11958659
6,13699982;-3,35875964
6,13799982;-4,48142195
6,13899982;-5,60100842
6,13999982;-6,72059488
6,14099982;-7,84018135
6,14199982;-8,96284389
6,14299982;-10,08243084
6,14399982;-11,20201683
6,14499982;-12,32467842
6,14599982;-13,44426537
6,14699982;-14,56385231
6,14799982;-15,68343925
6,14899982;-16,80610085
6,14999982;-19,04527283
6,15099982;-19,04527283
6,15199982;-20,16793633
6,15299982;-20,16793633
6,15399982;-22,40711021
6,15499982;-22,40711021
6,15599982;-23,52669716
6,15699982;-24,64935684
6,15799982;-25,76894569
6,15899982;-25,76894569
6,15999982;-26,88853073
6,16099982;-26,88853073
6,16199982;-26,88853073
6,16299982;-28,01119423
6,16399982;-28,01119423
6,16499982;-28,01119423
6,16599982;-29,13078117
6,16699982;-29,13078117
6,16799982;-29,13078117
6,16899982;-29,13078117
6,16999982;-29,13078117
6,17099982;-29,13078117
6,17199982;-30,25036621
6,17299982;-30,25036621
6,17399982;-29,13078117
6,17499982;-29,13078117
6,17599982;-29,13078117
6,17699982;-29,13078117
6,17799982;-29,13078117
6,17899982;-29,13078117
6,17999982;-28,01119423
6,18099982;-28,01119423
6,18199982;-28,01119423
6,18299982;-28,01119423
6,18399982;-28,01119423
6,18499982;-26,88853073
6,18599982;-26,88853073
6,18699982;-26,88853073
6,18799982;-25,76894569
6,18899982;-25,76894569
6,18999982;-25,76894569
6,19099982;-24,64935684
6,19199982;-24,64935684
6,19299982;-24,64935684
6,19399982;-24,64935684
6,19499982;-24,64935684
6,19599982;-24,64935684
6,19699982;-23,52669716
6,19799982;-23,52669716
6,19899982;-22,40711021
6,19999982;-22,40711021
6,20099982;-21,28752327
6,20199982;-20,16793633
6,20299982;-20,16793633
6,20399982;-19,04527283
6,20499982;-19,04527283
6,20599982;-17,92568779
6,20699982;-17,92568779
6,20799982;-16,80610085
6,20899982;-15,68343925
6,20999982;-15,68343925
6,21099982;-14,56385231
6,21199982;-13,44426537
6,21299982;-13,44426537
6,21399982;-12,32467842
6,21499982;-11,20201683
6,21599982;-10,08243084
6,21699982;-8,96284389
6,21799982;-7,84018135
6,21899982;-6,72059488
6,21999981;-5,60100842
6,22099981;-4,48142195
6,22199981;-3,35875964
6,22299981;-2,23917317
6,22399981;-1,11958659
6,22499981;-1,11958659
6,22599981;0,00000000
6,22699981;2,23917317
6,22799981;3,35875964
6,22899981;4,48142195
6,22999981;5,60100842
6,23099981;6,72059488
6,23199981;7,84018135
6,23299981;8,96284389
6,23399981;10,08243084
6,23499981;11,20201683
6,23599981;12,32467842
6,23699981;13,44426537
6,23799981;14,56385231
6,23899981;15,68343925
6,23999981;16,80610085
6,24099981;17,92568779
6,24199981;17,92568779
6,24299981;19,04527283
6,24399981;20,16793633
6,24499981;21,28752327
6,24599981;22,40711021
6,24699981;23,52669716
6,24799981;23,52669716
6,24899981;24,64935684
6,24999981;25,76894569
6,25099981;25,76894569
6,25199981;26,88853073
6,25299981;28,01119423
6,25399981;28,01119423
6,25499981;28,01119423
6,25599981;29,13078117
6,25699981;29,13078117
6,25799981;30,25036621
6,25899981;30,25036621
6,25999981;30,25036621
6,26099981;30,25036621
6,26199981;31,36995316
6,26299981;31,36995316
6,26399981;31,36995316
6,26499981;31,36995316
6,26599981;31,36995316
6,26699981;31,36995316
6,26799981;31,36995316
6,26899981;31,36995316
6,26999981;30,25036621
6,27099981;31,36995316
6,27199981;30,25036621
6,27299981;30,25036621
6,27399981;30,25036621
6,27499981;30,25036621
6,27599981;30,25036621
6,27699981;29,13078117
6,27799981;29,13078117
6,27899981;29,13078117
6,27999981;28,01119423
6,28099981;28,01119423
6,28199981;26,88853073
6,28299981;25,76894569
6,28399981;25,76894569
6,28499981;25,76894569
6,28599981;24,64935684
6,28699981;24,64935684
6,28799981;23,52669716
6,28899981;22,40711021
6,28999981;22,40711021
6,29099981;21,28752327
6,29199981;20,16793633
6,29299981;20,16793633
6,29399981;19,04527283
6,29499981;17,92568779
6,29599981;16,80610085
6,29699981;15,68343925
6,29799981;14,56385231
6,29899981;14,56385231
6,29999981;13,44426537
6,30099981;12,32467842
6,30199981;11,20201683
6,30299981;10,08243084
6,30399981;8,96284389
6,30499981;8,96284389
6,30599981;6,72059488
6,30699981;6,72059488
6,30799981;4,48142195
6,30899981;4,48142195
6,30999981;2,23917317
6,31099981;1,11958659
6,31199981;1,11958659
6,31299981;-1,11958659
6,31399981;-2,23917317
6,31499981;-3,35875964
6,31599981;-4,48142195
6,31699981;-5,60100842
6,31799981;-6,72059488
6,31899981;-7,84018135
6,31999981;-8,96284389
6,32099981;-10,08243084
6,32199981;-11,20201683
6,32299981;-12,32467842
6,32399981;-13,44426537
6,32499981;-14,56385231
6,32599981;-15,68343925
6,32699981;-16,80610085
6,32799981;-17,92568779
6,32899981;-19,04527283
6,32999981;-20,16793633
6,33099981;-21,28752327
6,33199981;-22,40711021
6,33299981;-22,40711021
6,33399981;-23,52669716
6,33499981;-24,64935684
6,33599981;-25,76894569
6,33699981;-25,76894569
6,33799981;-26,88853073
6,33899981;-26,88853073
6,33999981;-26,88853073
6,34099981;-28,01119423
6,34199981;-28,01119423
6,34299981;-28,01119423
6,34399981;-29,13078117
6,34499981;-29,13078117
6,34599981;-29,13078117
6,34699981;-29,13078117
6,34799981;-29,13078117
6,34899981;-29,13078117
6,34999981;-29,13078117
6,35099981;-29,13078117
6,35199981;-29,13078117
6,35299981;-29,13078117
6,35399981;-29,13078117
6,35499981;-29,13078117
6,35599981;-29,13078117
6,35699981;-29,13078117
6,35799981;-29,13078117
6,35899981;-28,01119423
6,35999981;-28,01119423
6,36099981;-28,01119423
6,36199981;-26,88853073
6,36299981;-26,88853073
6,36399981;-26,88853073
6,36499981;-26,88853073
6,36599981;-25,76894569
6,36699981;-25,76894569
6,36799981;-25,76894569
6,36899981;-25,76894569
6,36999981;-24,64935684
6,37099981;-24,64935684
6,37199981;-24,64935684
6,37299981;-23,52669716
6,37399981;-23,52669716
6,37499981;-23,52669716
6,37599981;-23,52669716
6,37699981;-22,40711021
6,37799981;-22,40711021
6,37899981;-21,28752327
6,37999981;-21,28752327
6,38099981;-20,16793633
6,38199981;-19,04527283
6,38299981;-17,92568779
6,38399981;-17,92568779
6,38499981;-16,80610085
6,38599981;-16,80610085
6,38699981;-15,68343925
6,38799981;-15,68343925
6,38899981;-14,56385231
6,38999981;-13,44426537
6,39099981;-12,32467842
6,39199981;-12,32467842
6,39299981;-11,20201683
6,39399981;-8,96284389
6,39499981;-8,96284389
6,39599981;-7,84018135
6,39699981;-6,72059488
6,39799981;-5,60100842
6,39899981;-4,48142195
6,39999981;-3,35875964
6,40099981;-2,23917317
6,40199981;-1,11958659
6,40299981;0,00000000
6,40399981;1,11958659
6,40499981;2,23917317
6,40599981;3,35875964
6,40699981;4,48142195
6,40799981;5,60100842
6,40899981;6,72059488
6,40999981;7,84018135
6,41099981;8,96284389
6,41199981;10,08243084
6,41299981;11,20201683
6,41399981;12,32467842
6,41499981;13,44426537
6,41599981;14,56385231
6,41699981;15,68343925
6,41799981;16,80610085
6,41899981;17,92568779
6,41999981;19,04527283
6,42099981;20,16793633
6,42199981;21,28752327
6,42299981;21,28752327
6,42399981;22,40711021
6,42499981;22,40711021
6,42599981;23,52669716
6,42699981;24,64935684
6,42799981;25,76894569
6,42899981;25,76894569
6,42999981;26,88853073
6,43099981;28,01119423
6,43199981;28,01119423
6,43299981;29,13078117
6,43399981;29,13078117
6,43499981;29,13078117
6,43599981;30,25036621
6,43699981;30,25036621
6,43799981;30,25036621
6,43899981;31,36995316
6,43999981;30,25036621
6,44099981;30,25036621
6,44199981;31,36995316
6,44299981;31,36995316
6,44399981;31,36995316
6,44499981;31,36995316
6,44599981;31,36995316
6,44699981;31,36995316
6,44799981;31,36995316
6,44899981;31,36995316
6,44999981;31,36995316
6,45099981;30,25036621
6,45199981;30,25036621
6,45299981;30,25036621
6,45399981;30,25036621
6,45499981;29,13078117
6,45599981;29,13078117
6,45699981;29,13078117
6,45799981;28,01119423
6,45899981;28,01119423
6,45999981;26,88853073
6,46099981;26,88853073
6,46199981;25,76894569
6,46299981;25,76894569
6,46399981;24,64935684
6,46499981;23,52669716
6,46599981;23,52669716
6,46699981;22,40711021
6,46799981;21,28752327
6,46899981;21,28752327
6,46999981;20,16793633
6,47099981;19,04527283
6,47199981;19,04527283
6,47299981;17,92568779
6,47399981;16,80610085
6,47499981;16,80610085
6,47599981;15,68343925
6,47699981;14,56385231
6,47799981;13,44426537
6,47899981;12,32467842
6,47999981;11,20201683
6,48099981;10,08243084
6,48199981;8,96284389
6,48299981;7,84018135
6,48399981;6,72059488
6,48499981;5,60100842
6,48599981;4,48142195
6,48699981;3,35875964
6,48799981;2,23917317
6,48899981;1,11958659
6,48999981;0,00000000
6,49099981;-1,11958659
6,49199981;-2,23917317
6,49299981;-3,35875964
6,49399981;-4,48142195
6,49499981;-5,60100842
6,49599981;-6,72059488
6,49699981;-7,84018135
6,49799981;-8,96284389
6,49899981;-10,08243084
6,49999981;-12,32467842
6,50099981;-13,44426537
6,50199981;-13,44426537
6,50299981;-14,56385231
6,50399981;-15,68343925
6,50499981;-16,80610085
6,50599981;-17,92568779
6,50699981;-19,04527283
6,50799981;-20,16793633
6,50899981;-21,28752327
6,50999981;-22,40711021
6,51099981;-23,52669716
6,51199981;-23,52669716
6,51299981;-24,64935684
6,51399981;-25,76894569
6,51499981;-25,76894569
6,51599981;-26,88853073
6,51699981;-28,01119423
6,51799981;-28,01119423
6,51899981;-28,01119423
6,51999981;-28,01119423
6,52099981;-28,01119423
6,52199981;-29,13078117
6,52299981;-29,13078117
6,52399981;-29,13078117
6,52499981;-29,13078117
6,52599981;-29,13078117
6,52699981;-29,13078117
6,52799981;-29,13078117
6,52899981;-29,13078117
6,52999981;-29,13078117
6,53099981;-29,13078117
6,53199981;-29,13078117
6,53299981;-29,13078117
6,53399981;-29,13078117
6,53499981;-28,01119423
6,53599981;-28,01119423
6,53699981;-28,01119423
6,53799981;-28,01119423
6,53899981;-28,01119423
6,53999981;-28,01119423
6,54099981;-28,01119423
6,54199981;-26,88853073
6,54299981;-25,76894569
6,54399981;-25,76894569
6,54499981;-25,76894569
6,54599981;-25,76894569
6,54699981;-25,76894569
6,54799981;-24,64935684
6,54899981;-24,64935684
6,54999981;-24,64935684
6,55099981;-24,64935684
6,55199981;-23,52669716
6,55299981;-23,52669716
6,55399981;-23,52669716
6,55499981;-22,40711021
6,55599981;-22,40711021
6,55699981;-21,28752327
6,55799981;-20,16793633
6,55899981;-20,16793633
6,55999981;-19,04527283
6,56099981;-19,04527283
6,56199981;-17,92568779
6,56299981;-17,92568779
6,56399981;-15,68343925
6,56499981;-15,68343925
6,56599981;-14,56385231
6,56699981;-14,56385231
6,56799981;-13,44426537
6,56899981;-12,32467842
6,56999981;-12,32467842
6,57099981;-10,08243084
6,57199981;-8,96284389
6,57299980;-8,96284389
6,57399980;-7,84018135
6,57499980;-6,72059488
6,57599980;-5,60100842
6,57699980;-4,48142195
6,57799980;-3,35875964
6,57899980;-2,23917317
6,57999980;-1,11958659
6,58099980;0,00000000
6,58199980;1,11958659
6,58299980;2,23917317
6,58399980;3,35875964
6,58499980;4,48142195
6,58599980;5,60100842
6,58699980;6,72059488
6,58799980;7,84018135
6,58899980;8,96284389
6,58999980;10,08243084
6,59099980;11,20201683
6,59199980;12,32467842
6,59299980;12,32467842
6,59399980;14,56385231
6,59499980;15,68343925
6,59599980;16,80610085
6,59699980;17,92568779
6,59799980;19,04527283
6,59899980;20,16793633
6,59999980;21,28752327
6,60099980;22,40711021
6,60199980;22,40711021
6,60299980;23,52669716
6,60399980;23,52669716
6,60499980;24,64935684
6,60599980;25,76894569
6,60699980;25,76894569
6,60799980;26,88853073
6,60899980;28,01119423
6,60999980;28,01119423
6,61099980;29,13078117
6,61199980;29,13078117
6,61299980;30,25036621
6,61399980;30,25036621
6,61499980;30,25036621
6,61599980;30,25036621
6,61699980;30,25036621
6,61799980;31,36995316
6,61899980;31,36995316
6,61999980;31,36995316
6,62099980;31,36995316
6,62199980;31,36995316
6,62299980;31,36995316
6,62399980;31,36995316
6,62499980;31,36995316
6,62599980;31,36995316
6,62699980;30,25036621
6,62799980;31,36995316
6,62899980;30,25036621
6,62999980;30,25036621
6,63099980;30,25036621
6,63199980;29,13078117
6,63299980;29,13078117
6,63399980;29,13078117
6,63499980;28,01119423
6,63599980;28,01119423
6,63699980;28,01119423
6,63799980;26,88853073
6,63899980;26,88853073
6,63999980;25,76894569
6,64099980;24,64935684
6,64199980;24,64935684
6,64299980;23,52669716
6,64399980;23,52669716
6,64499980;22,40711021
6,64599980;21,28752327
6,64699980;21,28752327
6,64799980;20,16793633
6,64899980;20,16793633
6,64999980;19,04527283
6,65099980;17,92568779
6,65199980;16,80610085
6,65299980;15,68343925
6,65399980;15,68343925
6,65499980;14,56385231
6,65599980;13,44426537
6,65699980;12,32467842
6,65799980;11,20201683
6,65899980;10,08243084
6,65999980;8,96284389
6,66099980;7,84018135
6,66199980;6,72059488
6,66299980;5,60100842
6,66399980;4,48142195
6,66499980;3,35875964
6,66599980;2,23917317
6,66699980;1,11958659
6,66799980;0,00000000
6,66899980;-1,11958659
6,66999980;-2,23917317
6,67099980;-3,35875964
6,67199980;-4,48142195
6,67299980;-5,60100842
6,67399980;-6,72059488
6,67499980;-7,84018135
6,67599980;-10,08243084
6,67699980;-10,08243084
6,67799980;-11,20201683
6,67899980;-12,32467842
6,67999980;-13,44426537
6,68099980;-14,56385231
6,68199980;-15,68343925
6,68299980;-16,80610085
6,68399980;-17,92568779
6,68499980;-19,04527283
6,68599980;-20,16793633
6,68699980;-21,28752327
6,68799980;-22,40711021
6,68899980;-23,52669716
6,68999980;-23,52669716
6,69099980;-24,64935684
6,69199980;-25,76894569
6,69299980;-26,88853073
6,69399980;-26,88853073
6,69499980;-26,88853073
6,69599980;-26,88853073
6,69699980;-28,01119423
6,69799980;-28,01119423
6,69899980;-29,13078117
6,69999980;-29,13078117
6,70099980;-29,13078117
6,70199980;-29,13078117
6,70299980;-29,13078117
6,70399980;-29,13078117
6,70499980;-29,13078117
6,70599980;-29,13078117
6,70699980;-30,25036621
6,70799980;-30,25036621
6,70899980;-29,13078117
6,70999980;-29,13078117
6,71099980;-29,13078117
6,71199980;-29,13078117
6,71299980;-29,13078117
6,71399980;-28,01119423
6,71499980;-28,01119423
6,71599980;-28,01119423
6,71699980;-28,01119423
6,71799980;-26,88853073
6,71899980;-26,88853073
6,71999980;-26,88853073
6,72099980;-25,76894569
6,72199980;-25,76894569
6,72299980;-25,76894569
6,72399980;-25,76894569
6,72499980;-24,64935684
6,72599980;-24,64935684
6,72699980;-24,64935684
6,72799980;-24,64935684
6,72899980;-24,64935684
6,72999980;-23,52669716
6,73099980;-23,52669716
6,73199980;-23,52669716
6,73299980;-22,40711021
6,73399980;-22,40711021
6,73499980;-21,28752327
6,73599980;-20,16793633
6,73699980;-20,16793633
6,73799980;-19,04527283
6,73899980;-19,04527283
6,73999980;-17,92568779
6,74099980;-16,80610085
6,74199980;-15,68343925
6,74299980;-15,68343925
6,74399980;-14,56385231
6,74499980;-14,56385231
6,74599980;-13,44426537
6,74699980;-12,32467842
6,74799980;-11,20201683
6,74899980;-10,08243084
6,74999980;-10,08243084
6,75099980;-8,96284389
6,75199980;-7,84018135
6,75299980;-6,72059488
6,75399980;-5,60100842
6,75499980;-4,48142195
6,75599980;-3,35875964
6,75699980;-2,23917317
6,75799980;-1,11958659
6,75899980;0,00000000
6,75999980;1,11958659
6,76099980;2,23917317
6,76199980;3,35875964
6,76299980;4,48142195
6,76399980;5,60100842
6,76499980;7,84018135
6,76599980;7,84018135
6,76699980;8,96284389
6,76799980;10,08243084
6,76899980;11,20201683
6,76999980;12,32467842
6,77099980;13,44426537
6,77199980;14,56385231
6,77299980;15,68343925
6,77399980;16,80610085
6,77499980;17,92568779
6,77599980;19,04527283
6,77699980;20,16793633
6,77799980;21,28752327
6,77899980;21,28752327
6,77999980;22,40711021
6,78099980;23,52669716
6,78199980;24,64935684
6,78299980;24,64935684
6,78399980;25,76894569
6,78499980;25,76894569
6,78599980;26,88853073
6,78699980;28,01119423
6,78799980;28,01119423
6,78899980;29,13078117
6,78999980;29,13078117
6,79099980;29,13078117
6,79199980;30,25036621
6,79299980;30,25036621
6,79399980;30,25036621
6,79499980;30,25036621
6,79599980;30,25036621
6,79699980;30,25036621
6,79799980;31,36995316
6,79899980;31,36995316
6,79999980;31,36995316
6,80099980;31,36995316
6,80199980;31,36995316
6,80299980;31,36995316
6,80399980;30,25036621
6,80499980;30,25036621
6,80599980;30,25036621
6,80699980;30,25036621
6,80799980;30,25036621
6,80899980;30,25036621
6,80999980;29,13078117
6,81099980;29,13078117
6,81199980;29,13078117
6,81299980;29,13078117
6,81399980;28,01119423
6,81499980;28,01119423
6,81599980;26,88853073
6,81699980;26,88853073
6,81799980;25,76894569
6,81899980;24,64935684
6,81999980;24,64935684
6,82099980;23,52669716
6,82199980;22,40711021
6,82299980;22,40711021
6,82399980;21,28752327
6,82499980;21,28752327
6,82599980;20,16793633
6,82699980;19,04527283
6,82799980;17,92568779
6,82899980;17,92568779
6,82999980;16,80610085
6,83099980;15,68343925
6,83199980;14,56385231
6,83299980;14,56385231
6,83399980;13,44426537
6,83499980;12,32467842
6,83599980;11,20201683
6,83699980;10,08243084
6,83799980;8,96284389
6,83899980;7,84018135
6,83999980;6,72059488
6,84099980;5,60100842
6,84199980;4,48142195
6,84299980;3,35875964
6,84399980;2,23917317
6,84499980;1,11958659
6,84599980;0,00000000
6,84699980;-1,11958659
6,84799980;-2,23917317
6,84899980;-3,35875964
6,84999980;-4,48142195
6,85099980;-6,72059488
6,85199980;-7,84018135
6,85299980;-7,84018135
6,85399980;-10,08243084
6,85499980;-11,20201683
6,85599980;-12,32467842
6,85699980;-13,44426537
6,85799980;-14,56385231
6,85899980;-15,68343925
6,85999980;-16,80610085
6,86099980;-16,80610085
6,86199980;-17,92568779
6,86299980;-20,16793633
6,86399980;-20,16793633
6,86499980;-21,28752327
6,86599980;-22,40711021
6,86699980;-23,52669716
6,86799980;-24,64935684
6,86899980;-24,64935684
6,86999980;-25,76894569
6,87099980;-25,76894569
6,87199980;-26,88853073
6,87299980;-28,01119423
6,87399980;-28,01119423
6,87499980;-28,01119423
6,87599980;-28,01119423
6,87699980;-29,13078117
6,87799980;-29,13078117
6,87899980;-29,13078117
6,87999980;-29,13078117
6,88099980;-29,13078117
6,88199980;-30,25036621
6,88299980;-30,25036621
6,88399980;-29,13078117
6,88499980;-29,13078117
6,88599980;-29,13078117
6,88699980;-29,13078117
6,88799980;-29,13078117
6,88899980;-29,13078117
6,88999980;-29,13078117
6,89099980;-28,01119423
6,89199980;-28,01119423
6,89299980;-28,01119423
6,89399980;-28,01119423
6,89499980;-28,01119423
6,89599980;-26,88853073
6,89699980;-26,88853073
6,89799980;-26,88853073
6,89899980;-26,88853073
6,89999980;-26,88853073
6,90099980;-25,76894569
6,90199980;-25,76894569
6,90299980;-24,64935684
6,90399980;-24,64935684
6,90499980;-24,64935684
6,90599980;-24,64935684
6,90699980;-24,64935684
6,90799980;-23,52669716
6,90899980;-23,52669716
6,90999980;-23,52669716
6,91099980;-22,40711021
6,91199980;-22,40711021
6,91299980;-21,28752327
6,91399980;-20,16793633
6,91499980;-20,16793633
6,91599980;-19,04527283
6,91699980;-17,92568779
6,91799980;-17,92568779
6,91899980;-16,80610085
6,91999980;-16,80610085
6,92099980;-15,68343925
6,92199980;-14,56385231
6,92299980;-14,56385231
6,92399980;-13,44426537
6,92499980;-12,32467842
6,92599980;-12,32467842
6,92699979;-10,08243084
6,92799979;-8,96284389
6,92899979;-7,84018135
6,92999979;-7,84018135
6,93099979;-6,72059488
6,93199979;-5,60100842
6,93299979;-4,48142195
6,93399979;-3,35875964
6,93499979;-2,23917317
6,93599979;-1,11958659
6,93699979;0,00000000
6,93799979;1,11958659
6,93899979;2,23917317
6,93999979;3,35875964
6,94099979;4,48142195
6,94199979;6,72059488
6,94299979;7,84018135
6,94399979;7,84018135
6,94499979;8,96284389
6,94599979;10,08243084
6,94699979;11,20201683
6,94799979;12,32467842
6,94899979;13,44426537
6,94999979;14,56385231
6,95099979;15,68343925
6,95199979;16,80610085
6,95299979;17,92568779
6,95399979;19,04527283
6,95499979;20,16793633
6,95599979;21,28752327
6,95699979;22,40711021
6,95799979;22,40711021
6,95899979;23,52669716
6,95999979;24,64935684
6,96099979;24,64935684
6,96199979;25,76894569
6,96299979;25,76894569
6,96399979;26,88853073
6,96499979;28,01119423
6,96599979;28,01119423
6,96699979;29,13078117
6,96799979;29,13078117
6,96899979;29,13078117
6,96999979;30,25036621
6,97099979;30,25036621
6,97199979;30,25036621
6,97299979;30,25036621
6,97399979;31,36995316
6,97499979;31,36995316
6,97599979;31,36995316
6,97699979;31,36995316
6,97799979;31,36995316
6,97899979;30,25036621
6,97999979;31,36995316
6,98099979;31,36995316
6,98199979;31,36995316
6,98299979;30,25036621
6,98399979;30,25036621
6,98499979;30,25036621
6,98599979;30,25036621
6,98699979;29,13078117
6,98799979;29,13078117
6,98899979;29,13078117
6,98999979;29,13078117
6,99099979;28,01119423
6,99199979;28,01119423
6,99299979;28,01119423
6,99399979;28,01119423
6,99499979;26,88853073
6,99599979;25,76894569
6,99699979;24,64935684
6,99799979;24,64935684
6,99899979;23,52669716
6,99999979;23,52669716
7,00099979;22,40711021
7,00199979;21,28752327
7,00299979;21,28752327
7,00399979;20,16793633
7,00499979;19,04527283
7,00599979;19,04527283
7,00699979;17,92568779
7,00799979;16,80610085
7,00899979;15,68343925
7,00999979;14,56385231
7,01099979;13,44426537
7,01199979;12,32467842
7,01299979;12,32467842
7,01399979;11,20201683
7,01499979;10,08243084
7,01599979;8,96284389
7,01699979;7,84018135
7,01799979;6,72059488
7,01899979;5,60100842
7,01999979;4,48142195
7,02099979;3,35875964
7,02199979;2,23917317
7,02299979;0,00000000
7,02399979;-1,11958659
7,02499979;-2,23917317
7,02599979;-3,35875964
7,02699979;-4,48142195
7,02799979;-5,60100842
7,02899979;-6,72059488
7,02999979;-7,84018135
7,03099979;-8,96284389
7,03199979;-10,08243084
7,03299979;-10,08243084
7,03399979;-12,32467842
7,03499979;-13,44426537
7,03599979;-14,56385231
7,03699979;-15,68343925
7,03799979;-16,80610085
7,03899979;-17,92568779
7,03999979;-17,92568779
7,04099979;-19,04527283
7,04199979;-20,16793633
7,04299979;-21,28752327
7,04399979;-22,40711021
7,04499979;-23,52669716
7,04599979;-24,64935684
7,04699979;-24,64935684
7,04799979;-25,76894569
7,04899979;-26,88853073
7,04999979;-26,88853073
7,05099979;-28,01119423
7,05199979;-28,01119423
7,05299979;-28,01119423
7,05399979;-28,01119423
7,05499979;-29,13078117
7,05599979;-29,13078117
7,05699979;-29,13078117
7,05799979;-29,13078117
7,05899979;-29,13078117
7,05999979;-29,13078117
7,06099979;-29,13078117
7,06199979;-29,13078117
7,06299979;-29,13078117
7,06399979;-29,13078117
7,06499979;-29,13078117
7,06599979;-29,13078117
7,06699979;-29,13078117
7,06799979;-29,13078117
7,06899979;-29,13078117
7,06999979;-28,01119423
7,07099979;-28,01119423
7,07199979;-28,01119423
7,07299979;-28,01119423
7,07399979;-26,88853073
7,07499979;-26,88853073
7,07599979;-26,88853073
7,07699979;-25,76894569
7,07799979;-26,88853073
7,07899979;-25,76894569
7,07999979;-25,76894569
7,08099979;-25,76894569
7,08199979;-24,64935684
7,08299979;-24,64935684
7,08399979;-24,64935684
7,08499979;-23,52669716
7,08599979;-23,52669716
7,08699979;-23,52669716
7,08799979;-23,52669716
7,08899979;-22,40711021
7,08999979;-21,28752327
7,09099979;-20,16793633
7,09199979;-20,16793633
7,09299979;-20,16793633
7,09399979;-19,04527283
7,09499979;-17,92568779
7,09599979;-17,92568779
7,09699979;-16,80610085
7,09799979;-15,68343925
7,09899979;-15,68343925
7,09999979;-14,56385231
7,10099979;-13,44426537
7,10199979;-13,44426537
7,10299979;-12,32467842
7,10399979;-11,20201683
7,10499979;-10,08243084
7,10599979;-8,96284389
7,10699979;-7,84018135
7,10799979;-6,72059488
7,10899979;-6,72059488
7,10999979;-5,60100842
7,11099979;-4,48142195
7,11199979;-3,35875964
7,11299979;-2,23917317
7,11399979;0,00000000
7,11499979;0,00000000
7,11599979;1,11958659
7,11699979;2,23917317
7,11799979;4,48142195
7,11899979;5,60100842
7,11999979;6,72059488
7,12099979;7,84018135
7,12199979;8,96284389
7,12299979;10,08243084
7,12399979;11,20201683
7,12499979;11,20201683
7,12599979;12,32467842
7,12699979;14,56385231
7,12799979;15,68343925
7,12899979;15,68343925
7,12999979;16,80610085
7,13099979;17,92568779
7,13199979;19,04527283
7,13299979;20,16793633
7,13399979;21,28752327
7,13499979;22,40711021
7,13599979;22,40711021
7,13699979;23,52669716
7,13799979;24,64935684
7,13899979;24,64935684
7,13999979;25,76894569
7,14099979;26,88853073
7,14199979;26,88853073
7,14299979;28,01119423
7,14399979;29,13078117
7,14499979;29,13078117
7,14599979;29,13078117
7,14699979;30,25036621
7,14799979;30,25036621
7,14899979;30,25036621
7,14999979;30,25036621
7,15099979;31,36995316
7,15199979;31,36995316
7,15299979;30,25036621
7,15399979;31,36995316
7,15499979;31,36995316
7,15599979;31,36995316
7,15699979;31,36995316
7,15799979;31,36995316
7,15899979;31,36995316
7,15999979;30,25036621
7,16099979;30,25036621
7,16199979;30,25036621
7,16299979;30,25036621
7,16399979;30,25036621
7,16499979;29,13078117
7,16599979;29,13078117
7,16699979;29,13078117
7,16799979;29,13078117
7,16899979;28,01119423
7,16999979;28,01119423
7,17099979;26,88853073
7,17199979;26,88853073
7,17299979;25,76894569
7,17399979;25,76894569
7,17499979;24,64935684
7,17599979;24,64935684
7,17699979;23,52669716
7,17799979;22,40711021
7,17899979;22,40711021
7,17999979;21,28752327
7,18099979;20,16793633
7,18199979;20,16793633
7,18299979;19,04527283
7,18399979;17,92568779
7,18499979;16,80610085
7,18599979;16,80610085
7,18699979;15,68343925
7,18799979;14,56385231
7,18899979;13,44426537
7,18999979;12,32467842
7,19099979;11,20201683
7,19199979;10,08243084
7,19299979;8,96284389
7,19399979;8,96284389
7,19499979;7,84018135
7,19599979;6,72059488
7,19699979;4,48142195
7,19799979;4,48142195
7,19899979;3,35875964
7,19999979;1,11958659
7,20099979;0,00000000
7,20199979;-1,11958659
7,20299979;-1,11958659
7,20399979;-3,35875964
7,20499979;-4,48142195
7,20599979;-5,60100842
7,20699979;-6,72059488
7,20799979;-6,72059488
7,20899979;-8,96284389
7,20999979;-10,08243084
7,21099979;-11,20201683
7,21199979;-12,32467842
7,21299979;-13,44426537
7,21399979;-14,56385231
7,21499979;-15,68343925
7,21599979;-16,80610085
7,21699979;-17,92568779
7,21799979;-19,04527283
7,21899979;-20,16793633
7,21999979;-21,28752327
7,22099979;-21,28752327
7,22199979;-22,40711021
7,22299979;-23,52669716
7,22399979;-24,64935684
7,22499979;-24,64935684
7,22599979;-25,76894569
7,22699979;-26,88853073
7,22799979;-26,88853073
7,22899979;-28,01119423
7,22999979;-28,01119423
7,23099979;-28,01119423
7,23199979;-29,13078117
7,23299979;-29,13078117
7,23399979;-29,13078117
7,23499979;-29,13078117
7,23599979;-29,13078117
7,23699979;-29,13078117
7,23799979;-30,25036621
7,23899979;-30,25036621
7,23999979;-30,25036621
7,24099979;-29,13078117
7,24199979;-29,13078117
7,24299979;-29,13078117
7,24399979;-29,13078117
7,24499979;-29,13078117
7,24599979;-29,13078117
7,24699979;-28,01119423
7,24799979;-28,01119423
7,24899979;-28,01119423
7,24999979;-28,01119423
7,25099979;-28,01119423
7,25199979;-26,88853073
7,25299979;-26,88853073
7,25399979;-26,88853073
7,25499979;-25,76894569
7,25599979;-25,76894569
7,25699979;-25,76894569
7,25799979;-25,76894569
7,25899979;-25,76894569
7,25999979;-24,64935684
7,26099979;-24,64935684
7,26199979;-24,64935684
7,26299979;-24,64935684
7,26399979;-23,52669716
7,26499979;-23,52669716
7,26599979;-23,52669716
7,26699979;-22,40711021
7,26799979;-21,28752327
7,26899979;-20,16793633
7,26999979;-20,16793633
7,27099979;-19,04527283
7,27199979;-19,04527283
7,27299979;-17,92568779
7,27399979;-17,92568779
7,27499979;-16,80610085
7,27599979;-15,68343925
7,27699979;-15,68343925
7,27799979;-14,56385231
7,27899979;-13,44426537
7,27999979;-13,44426537
7,28099978;-12,32467842
7,28199978;-11,20201683
7,28299978;-10,08243084
7,28399978;-8,96284389
7,28499978;-7,84018135
7,28599978;-6,72059488
7,28699978;-5,60100842
7,28799978;-4,48142195
7,28899978;-3,35875964
7,28999978;-3,35875964
7,29099978;-1,11958659
7,29199978;0,00000000
7,29299978;0,00000000
7,29399978;2,23917317
7,29499978;3,35875964
7,29599978;4,48142195
7,29699978;5,60100842
7,29799978;6,72059488
7,29899978;7,84018135
7,29999978;7,84018135
7,30099978;10,08243084
7,30199978;11,20201683
7,30299978;12,32467842
7,30399978;13,44426537
7,30499978;14,56385231
7,30599978;15,68343925
7,30699978;15,68343925
7,30799978;16,80610085
7,30899978;17,92568779
7,30999978;19,04527283
7,31099978;20,16793633
7,31199978;21,28752327
7,31299978;22,40711021
7,31399978;22,40711021
7,31499978;23,52669716
7,31599978;24,64935684
7,31699978;25,76894569
7,31799978;25,76894569
7,31899978;26,88853073
7,31999978;26,88853073
7,32099978;28,01119423
7,32199978;29,13078117
7,32299978;29,13078117
7,32399978;29,13078117
7,32499978;29,13078117
7,32599978;30,25036621
7,32699978;30,25036621
7,32799978;30,25036621
7,32899978;30,25036621
7,32999978;31,36995316
7,33099978;31,36995316
7,33199978;31,36995316
7,33299978;31,36995316
7,33399978;31,36995316
7,33499978;31,36995316
7,33599978;31,36995316
7,33699978;31,36995316
7,33799978;30,25036621
7,33899978;30,25036621
7,33999978;30,25036621
7,34099978;30,25036621
7,34199978;29,13078117
7,34299978;29,13078117
7,34399978;29,13078117
7,34499978;29,13078117
7,34599978;29,13078117
7,34699978;29,13078117
7,34799978;28,01119423
7,34899978;26,88853073
7,34999978;26,88853073
7,35099978;25,76894569
7,35199978;25,76894569
7,35299978;24,64935684
7,35399978;24,64935684
7,35499978;23,52669716
7,35599978;22,40711021
7,35699978;22,40711021
7,35799978;21,28752327
7,35899978;20,16793633
7,35999978;20,16793633
7,36099978;19,04527283
7,36199978;19,04527283
7,36299978;16,80610085
7,36399978;16,80610085
7,36499978;15,68343925
7,36599978;13,44426537
7,36699978;12,32467842
7,36799978;12,32467842
7,36899978;12,32467842
7,36999978;11,20201683
7,37099978;8,96284389
7,37199978;7,84018135
7,37299978;7,84018135
7,37399978;6,72059488
7,37499978;5,60100842
7,37599978;3,35875964
7,37699978;2,23917317
7,37799978;1,11958659
7,37899978;0,00000000
7,37999978;-1,11958659
7,38099978;-2,23917317
7,38199978;-3,35875964
7,38299978;-4,48142195
7,38399978;-5,60100842
7,38499978;-6,72059488
7,38599978;-7,84018135
7,38699978;-8,96284389
7,38799978;-10,08243084
7,38899978;-11,20201683
7,38999978;-12,32467842
7,39099978;-13,44426537
7,39199978;-14,56385231
7,39299978;-15,68343925
7,39399978;-16,80610085
7,39499978;-17,92568779
7,39599978;-19,04527283
7,39699978;-20,16793633
7,39799978;-21,28752327
7,39899978;-22,40711021
7,39999978;-22,40711021
7,40099978;-23,52669716
7,40199978;-24,64935684
7,40299978;-25,76894569
7,40399978;-25,76894569
7,40499978;-26,88853073
7,40599978;-26,88853073
7,40699978;-28,01119423
7,40799978;-28,01119423
7,40899978;-28,01119423
7,40999978;-28,01119423
7,41099978;-29,13078117
7,41199978;-29,13078117
7,41299978;-29,13078117
7,41399978;-29,13078117
7,41499978;-29,13078117
7,41599978;-29,13078117
7,41699978;-29,13078117
7,41799978;-29,13078117
7,41899978;-29,13078117
7,41999978;-30,25036621
7,42099978;-29,13078117
7,42199978;-29,13078117
7,42299978;-29,13078117
7,42399978;-29,13078117
7,42499978;-29,13078117
7,42599978;-28,01119423
7,42699978;-28,01119423
7,42799978;-28,01119423
7,42899978;-26,88853073
7,42999978;-26,88853073
7,43099978;-26,88853073
7,43199978;-26,88853073
7,43299978;-25,76894569
7,43399978;-25,76894569
7,43499978;-25,76894569
7,43599978;-25,76894569
7,43699978;-24,64935684
7,43799978;-24,64935684
7,43899978;-24,64935684
7,43999978;-24,64935684
7,44099978;-24,64935684
7,44199978;-23,52669716
7,44299978;-23,52669716
7,44399978;-22,40711021
7,44499978;-22,40711021
7,44599978;-21,28752327
7,44699978;-20,16793633
7,44799978;-20,16793633
7,44899978;-20,16793633
7,44999978;-19,04527283
7,45099978;-17,92568779
7,45199978;-17,92568779
7,45299978;-16,80610085
7,45399978;-15,68343925
7,45499978;-15,68343925
7,45599978;-14,56385231
7,45699978;-13,44426537
7,45799978;-13,44426537
7,45899978;-12,32467842
7,45999978;-11,20201683
7,46099978;-10,08243084
7,46199978;-8,96284389
7,46299978;-7,84018135
7,46399978;-6,72059488
7,46499978;-5,60100842
7,46599978;-4,48142195
7,46699978;-3,35875964
7,46799978;-2,23917317
7,46899978;-1,11958659
7,46999978;0,00000000
7,47099978;1,11958659
7,47199978;2,23917317
7,47299978;3,35875964
7,47399978;4,48142195
7,47499978;5,60100842
7,47599978;6,72059488
7,47699978;7,84018135
7,47799978;8,96284389
7,47899978;10,08243084
7,47999978;11,20201683
7,48099978;12,32467842
7,48199978;13,44426537
7,48299978;14,56385231
7,48399978;15,68343925
7,48499978;15,68343925
7,48599978;17,92568779
7,48699978;19,04527283
7,48799978;20,16793633
7,48899978;20,16793633
7,48999978;21,28752327
7,49099978;22,40711021
7,49199978;23,52669716
7,49299978;23,52669716
7,49399978;24,64935684
7,49499978;25,76894569
7,49599978;25,76894569
7,49699978;26,88853073
7,49799978;28,01119423
7,49899978;28,01119423
7,49999978;28,01119423
7,50099978;29,13078117
7,50199978;29,13078117
7,50299978;30,25036621
7,50399978;30,25036621
7,50499978;30,25036621
7,50599978;30,25036621
7,50699978;30,25036621
7,50799978;30,25036621
7,50899978;31,36995316
7,50999978;31,36995316
7,51099978;31,36995316
7,51199978;31,36995316
7,51299978;31,36995316
7,51399978;31,36995316
7,51499978;30,25036621
7,51599978;30,25036621
7,51699978;30,25036621
7,51799978;30,25036621
7,51899978;30,25036621
7,51999978;30,25036621
7,52099978;29,13078117
7,52199978;29,13078117
7,52299978;29,13078117
7,52399978;28,01119423
7,52499978;28,01119423
7,52599978;28,01119423
7,52699978;28,01119423
7,52799978;26,88853073
7,52899978;25,76894569
7,52999978;25,76894569
7,53099978;24,64935684
7,53199978;23,52669716
7,53299978;23,52669716
7,53399978;22,40711021
7,53499978;21,28752327
7,53599978;21,28752327
7,53699978;20,16793633
7,53799978;20,16793633
7,53899978;19,04527283
7,53999978;17,92568779
7,54099978;16,80610085
7,54199978;16,80610085
7,54299978;15,68343925
7,54399978;14,56385231
7,54499978;13,44426537
7,54599978;12,32467842
7,54699978;11,20201683
7,54799978;10,08243084
7,54899978;8,96284389
7,54999978;7,84018135
7,55099978;6,72059488
7,55199978;5,60100842
7,55299978;4,48142195
7,55399978;3,35875964
7,55499978;2,23917317
7,55599978;1,11958659
7,55699978;0,00000000
7,55799978;-1,11958659
7,55899978;-2,23917317
7,55999978;-3,35875964
7,56099978;-4,48142195
7,56199978;-5,60100842
7,56299978;-6,72059488
7,56399978;-7,84018135
7,56499978;-8,96284389
7,56599978;-10,08243084
7,56699978;-11,20201683
7,56799978;-12,32467842
7,56899978;-13,44426537
7,56999978;-14,56385231
7,57099978;-15,68343925
7,57199978;-17,92568779
7,57299978;-17,92568779
7,57399978;-19,04527283
7,57499978;-20,16793633
7,57599978;-21,28752327
7,57699978;-22,40711021
7,57799978;-23,52669716
7,57899978;-23,52669716
7,57999978;-24,64935684
7,58099978;-25,76894569
7,58199978;-25,76894569
7,58299978;-26,88853073
7,58399978;-26,88853073
7,58499978;-26,88853073
7,58599978;-28,01119423
7,58699978;-28,01119423
7,58799978;-29,13078117
7,58899978;-29,13078117
7,58999978;-29,13078117
7,59099978;-29,13078117
7,59199978;-29,13078117
7,59299978;-29,13078117
7,59399978;-29,13078117
7,59499978;-30,25036621
7,59599978;-30,25036621
7,59699978;-30,25036621
7,59799978;-29,13078117
7,59899978;-29,13078117
7,59999978;-29,13078117
7,60099978;-29,13078117
7,60199978;-29,13078117
7,60299978;-28,01119423
7,60399978;-28,01119423
7,60499978;-28,01119423
7,60599978;-28,01119423
7,60699978;-26,88853073
7,60799978;-26,88853073
7,60899978;-26,88853073
7,60999978;-25,76894569
7,61099978;-26,88853073
7,61199978;-25,76894569
7,61299978;-25,76894569
7,61399978;-25,76894569
7,61499978;-24,64935684
7,61599978;-24,64935684
7,61699978;-24,64935684
7,61799978;-24,64935684
7,61899978;-24,64935684
7,61999978;-23,52669716
7,62099978;-23,52669716
7,62199978;-22,40711021
7,62299978;-22,40711021
7,62399978;-21,28752327
7,62499978;-21,28752327
7,62599978;-20,16793633
7,62699978;-19,04527283
7,62799978;-19,04527283
7,62899978;-17,92568779
7,62999978;-17,92568779
7,63099978;-16,80610085
7,63199978;-15,68343925
7,63299978;-14,56385231
7,63399977;-14,56385231
7,63499977;-13,44426537
7,63599977;-12,32467842
7,63699977;-12,32467842
7,63799977;-11,20201683
7,63899977;-10,08243084
7,63999977;-8,96284389
7,64099977;-7,84018135
7,64199977;-6,72059488
7,64299977;-5,60100842
7,64399977;-4,48142195
7,64499977;-3,35875964
7,64599977;-2,23917317
7,64699977;-1,11958659
7,64799977;0,00000000
7,64899977;1,11958659
7,64999977;2,23917317
7,65099977;3,35875964
7,65199977;4,48142195
7,65299977;5,60100842
7,65399977;6,72059488
7,65499977;7,84018135
7,65599977;8,96284389
7,65699977;10,08243084
7,65799977;11,20201683
7,65899977;12,32467842
7,65999977;13,44426537
7,66099977;14,56385231
7,66199977;15,68343925
7,66299977;16,80610085
7,66399977;17,92568779
7,66499977;19,04527283
7,66599977;20,16793633
7,66699977;20,16793633
7,66799977;21,28752327
7,66899977;22,40711021
7,66999977;23,52669716
7,67099977;23,52669716
7,67199977;24,64935684
7,67299977;25,76894569
7,67399977;25,76894569
7,67499977;26,88853073
7,67599977;26,88853073
7,67699977;28,01119423
7,67799977;29,13078117
7,67899977;29,13078117
7,67999977;29,13078117
7,68099977;30,25036621
7,68199977;30,25036621
7,68299977;30,25036621
7,68399977;30,25036621
7,68499977;31,36995316
7,68599977;31,36995316
7,68699977;31,36995316
7,68799977;31,36995316
7,68899977;31,36995316
7,68999977;31,36995316
7,69099977;31,36995316
7,69199977;31,36995316
7,69299977;30,25036621
7,69399977;30,25036621
7,69499977;31,36995316
7,69599977;30,25036621
7,69699977;30,25036621
7,69799977;30,25036621
7,69899977;30,25036621
7,69999977;29,13078117
7,70099977;29,13078117
7,70199977;29,13078117
7,70299977;28,01119423
7,70399977;26,88853073
7,70499977;26,88853073
7,70599977;26,88853073
7,70699977;26,88853073
7,70799977;24,64935684
7,70899977;24,64935684
7,70999977;23,52669716
7,71099977;23,52669716
7,71199977;22,40711021
7,71299977;22,40711021
7,71399977;21,28752327
7,71499977;20,16793633
7,71599977;19,04527283
7,71699977;19,04527283
7,71799977;17,92568779
7,71899977;16,80610085
7,71999977;15,68343925
7,72099977;14,56385231
7,72199977;14,56385231
7,72299977;13,44426537
7,72399977;12,32467842
7,72499977;11,20201683
7,72599977;10,08243084
7,72699977;8,96284389
7,72799977;7,84018135
7,72899977;6,72059488
7,72999977;5,60100842
7,73099977;4,48142195
7,73199977;3,35875964
7,73299977;2,23917317
7,73399977;1,11958659
7,73499977;0,00000000
7,73599977;-1,11958659
7,73699977;-2,23917317
7,73799977;-3,35875964
7,73899977;-4,48142195
7,73999977;-5,60100842
7,74099977;-6,72059488
7,74199977;-7,84018135
7,74299977;-10,08243084
7,74399977;-11,20201683
7,74499977;-11,20201683
7,74599977;-12,32467842
7,74699977;-13,44426537
7,74799977;-15,68343925
7,74899977;-15,68343925
7,74999977;-16,80610085
7,75099977;-17,92568779
7,75199977;-19,04527283
7,75299977;-20,16793633
7,75399977;-21,28752327
7,75499977;-22,40711021
7,75599977;-23,52669716
7,75699977;-24,64935684
7,75799977;-24,64935684
7,75899977;-25,76894569
7,75999977;-26,88853073
7,76099977;-26,88853073
7,76199977;-26,88853073
7,76299977;-28,01119423
7,76399977;-28,01119423
7,76499977;-28,01119423
7,76599977;-28,01119423
7,76699977;-29,13078117
7,76799977;-29,13078117
7,76899977;-29,13078117
7,76999977;-29,13078117
7,77099977;-29,13078117
7,77199977;-30,25036621
7,77299977;-29,13078117
7,77399977;-29,13078117
7,77499977;-29,13078117
7,77599977;-29,13078117
7,77699977;-29,13078117
7,77799977;-29,13078117
7,77899977;-29,13078117
7,77999977;-29,13078117
7,78099977;-28,01119423
7,78199977;-28,01119423
7,78299977;-28,01119423
7,78399977;-28,01119423
7,78499977;-28,01119423
7,78599977;-26,88853073
7,78699977;-26,88853073
7,78799977;-26,88853073
7,78899977;-25,76894569
7,78999977;-25,76894569
7,79099977;-25,76894569
7,79199977;-25,76894569
7,79299977;-24,64935684
7,79399977;-24,64935684
7,79499977;-24,64935684
7,79599977;-24,64935684
7,79699977;-24,64935684
7,79799977;-23,52669716
7,79899977;-23,52669716
7,79999977;-22,40711021
7,80099977;-22,40711021
7,80199977;-21,28752327
7,80299977;-20,16793633
7,80399977;-20,16793633
7,80499977;-19,04527283
7,80599977;-17,92568779
7,80699977;-17,92568779
7,80799977;-17,92568779
7,80899977;-16,80610085
7,80999977;-15,68343925
7,81099977;-15,68343925
7,81199977;-14,56385231
7,81299977;-13,44426537
7,81399977;-12,32467842
7,81499977;-12,32467842
7,81599977;-11,20201683
7,81699977;-8,96284389
7,81799977;-7,84018135
7,81899977;-7,84018135
7,81999977;-6,72059488
7,82099977;-5,60100842
7,82199977;-4,48142195
7,82299977;-3,35875964
7,82399977;-2,23917317
7,82499977;-1,11958659
7,82599977;-1,11958659
7,82699977;1,11958659
7,82799977;2,23917317
7,82899977;3,35875964
7,82999977;4,48142195
7,83099977;6,72059488
7,83199977;6,72059488
7,83299977;7,84018135
7,83399977;8,96284389
7,83499977;10,08243084
7,83599977;11,20201683
7,83699977;12,32467842
7,83799977;13,44426537
7,83899977;14,56385231
7,83999977;15,68343925
7,84099977;16,80610085
7,84199977;17,92568779
7,84299977;19,04527283
7,84399977;20,16793633
7,84499977;20,16793633
7,84599977;21,28752327
7,84699977;22,40711021
7,84799977;23,52669716
7,84899977;23,52669716
7,84999977;24,64935684
7,85099977;25,76894569
7,85199977;26,88853073
7,85299977;26,88853073
7,85399977;28,01119423
7,85499977;28,01119423
7,85599977;29,13078117
7,85699977;29,13078117
7,85799977;29,13078117
7,85899977;30,25036621
7,85999977;30,25036621
7,86099977;30,25036621
7,86199977;30,25036621
7,86299977;31,36995316
7,86399977;30,25036621
7,86499977;31,36995316
7,86599977;31,36995316
7,86699977;30,25036621
7,86799977;30,25036621
7,86899977;31,36995316
7,86999977;31,36995316
7,87099977;31,36995316
7,87199977;30,25036621
7,87299977;30,25036621
7,87399977;30,25036621
7,87499977;30,25036621
7,87599977;30,25036621
7,87699977;29,13078117
7,87799977;29,13078117
7,87899977;29,13078117
7,87999977;28,01119423
7,88099977;28,01119423
7,88199977;28,01119423
7,88299977;26,88853073
7,88399977;26,88853073
7,88499977;25,76894569
7,88599977;25,76894569
7,88699977;24,64935684
7,88799977;23,52669716
7,88899977;23,52669716
7,88999977;22,40711021
7,89099977;22,40711021
7,89199977;21,28752327
7,89299977;20,16793633
7,89399977;19,04527283
7,89499977;17,92568779
7,89599977;17,92568779
7,89699977;16,80610085
7,89799977;15,68343925
7,89899977;14,56385231
7,89999977;13,44426537
7,90099977;13,44426537
7,90199977;12,32467842
7,90299977;11,20201683
7,90399977;10,08243084
7,90499977;8,96284389
7,90599977;7,84018135
7,90699977;6,72059488
7,90799977;5,60100842
7,90899977;4,48142195
7,90999977;3,35875964
7,91099977;2,23917317
7,91199977;1,11958659
7,91299977;0,00000000
7,91399977;-1,11958659
7,91499977;-2,23917317
7,91599977;-3,35875964
7,91699977;-5,60100842
7,91799977;-5,60100842
7,91899977;-6,72059488
7,91999977;-7,84018135
7,92099977;-8,96284389
7,92199977;-11,20201683
7,92299977;-11,20201683
7,92399977;-13,44426537
7,92499977;-14,56385231
7,92599977;-15,68343925
7,92699977;-15,68343925
7,92799977;-16,80610085
7,92899977;-17,92568779
7,92999977;-19,04527283
7,93099977;-20,16793633
7,93199977;-21,28752327
7,93299977;-22,40711021
7,93399977;-23,52669716
7,93499977;-23,52669716
7,93599977;-24,64935684
7,93699977;-25,76894569
7,93799977;-25,76894569
7,93899977;-26,88853073
7,93999977;-28,01119423
7,94099977;-28,01119423
7,94199977;-28,01119423
7,94299977;-28,01119423
7,94399977;-29,13078117
7,94499977;-29,13078117
7,94599977;-29,13078117
7,94699977;-29,13078117
7,94799977;-29,13078117
7,94899977;-29,13078117
7,94999977;-30,25036621
7,95099977;-29,13078117
7,95199977;-29,13078117
7,95299977;-29,13078117
7,95399977;-29,13078117
7,95499977;-29,13078117
7,95599977;-29,13078117
7,95699977;-29,13078117
7,95799977;-29,13078117
7,95899977;-28,01119423
7,95999977;-28,01119423
7,96099977;-28,01119423
7,96199977;-28,01119423
7,96299977;-26,88853073
7,96399977;-26,88853073
7,96499977;-26,88853073
7,96599977;-26,88853073
7,96699977;-25,76894569
7,96799977;-25,76894569
7,96899977;-25,76894569
7,96999977;-25,76894569
7,97099977;-25,76894569
7,97199977;-24,64935684
7,97299977;-24,64935684
7,97399977;-24,64935684
7,97499977;-23,52669716
7,97599977;-23,52669716
7,97699977;-23,52669716
7,97799977;-23,52669716
7,97899977;-22,40711021
7,97999977;-21,28752327
7,98099977;-20,16793633
7,98199977;-20,16793633
7,98299977;-19,04527283
7,98399977;-17,92568779
7,98499977;-17,92568779
7,98599977;-16,80610085
7,98699977;-15,68343925
7,98799976;-15,68343925
7,98899976;-14,56385231
7,98999976;-14,56385231
7,99099976;-13,44426537
7,99199976;-12,32467842
7,99299976;-11,20201683
7,99399976;-10,08243084
7,99499976;-8,96284389
7,99599976;-8,96284389
7,99699976;-7,84018135
7,99799976;-6,72059488
7,99899976;-5,60100842
7,99999976;-4,48142195
8,00099976;-3,35875964
8,00199976;-1,11958659
8,00299976;-1,11958659
8,00399976;0,00000000
8,00499976;1,11958659
8,00599976;2,23917317
8,00699976;4,48142195
8,00799976;4,48142195
8,00899976;5,60100842
8,00999976;6,72059488
8,01099976;7,84018135
8,01199976;8,96284389
8,01299976;10,08243084
8,01399976;11,20201683
8,01499976;12,32467842
8,01599976;13,44426537
8,01699976;14,56385231
8,01799976;15,68343925
8,01899976;16,80610085
8,01999976;17,92568779
8,02099976;19,04527283
8,02199976;20,16793633
8,02299976;21,28752327
8,02399976;21,28752327
8,02499976;22,40711021
8,02599976;23,52669716
8,02699976;24,64935684
8,02799976;24,64935684
8,02899976;25,76894569
8,02999976;26,88853073
8,03099976;26,88853073
8,03199976;28,01119423
8,03299976;29,13078117
8,03399976;29,13078117
8,03499976;29,13078117
8,03599976;29,13078117
8,03699976;30,25036621
8,03799976;30,25036621
8,03899976;30,25036621
8,03999976;30,25036621
8,04099976;30,25036621
8,04199976;30,25036621
8,04299976;30,25036621
8,04399976;30,25036621
8,04499976;31,36995316
8,04599976;31,36995316
8,04699976;31,36995316
8,04799976;31,36995316
8,04899976;30,25036621
8,04999976;30,25036621
8,05099976;30,25036621
8,05199976;30,25036621
8,05299976;30,25036621
8,05399976;30,25036621
8,05499976;29,13078117
8,05599976;29,13078117
8,05699976;29,13078117
8,05799976;29,13078117
8,05899976;28,01119423
8,05999976;28,01119423
8,06099976;26,88853073
8,06199976;26,88853073
8,06299976;25,76894569
8,06399976;24,64935684
8,06499976;24,64935684
8,06599976;23,52669716
8,06699976;23,52669716
8,06799976;22,40711021
8,06899976;21,28752327
8,06999976;20,16793633
8,07099976;20,16793633
8,07199976;19,04527283
8,07299976;17,92568779
8,07399976;17,92568779
8,07499976;16,80610085
8,07599976;15,68343925
8,07699976;14,56385231
8,07799976;13,44426537
8,07899976;12,32467842
8,07999976;12,32467842
8,08099976;11,20201683
8,08199976;10,08243084
8,08299976;8,96284389
8,08399976;7,84018135
8,08499976;6,72059488
8,08599976;5,60100842
8,08699976;4,48142195
8,08799976;3,35875964
8,08899976;2,23917317
8,08999976;1,11958659
8,09099976;0,00000000
8,09199976;-1,11958659
8,09299976;-2,23917317
8,09399976;-3,35875964
8,09499976;-4,48142195
8,09599976;-6,72059488
8,09699976;-7,84018135
8,09799976;-7,84018135
8,09899976;-8,96284389
8,09999976;-11,20201683
8,10099976;-12,32467842
8,10199976;-13,44426537
8,10299976;-14,56385231
8,10399976;-15,68343925
8,10499976;-16,80610085
8,10599976;-17,92568779
8,10699976;-17,92568779
8,10799976;-20,16793633
8,10899976;-20,16793633
8,10999976;-21,28752327
8,11099976;-22,40711021
8,11199976;-23,52669716
8,11299976;-24,64935684
8,11399976;-24,64935684
8,11499976;-25,76894569
8,11599976;-25,76894569
8,11699976;-26,88853073
8,11799976;-26,88853073
8,11899976;-28,01119423
8,11999976;-28,01119423
8,12099976;-28,01119423
8,12199976;-29,13078117
8,12299976;-29,13078117
8,12399976;-29,13078117
8,12499976;-29,13078117
8,12599976;-30,25036621
8,12699976;-29,13078117
8,12799976;-29,13078117
8,12899976;-29,13078117
8,12999976;-29,13078117
8,13099976;-29,13078117
8,13199976;-29,13078117
8,13299976;-29,13078117
8,13399976;-29,13078117
8,13499976;-28,01119423
8,13599976;-28,01119423
8,13699976;-28,01119423
8,13799976;-28,01119423
8,13899976;-28,01119423
8,13999976;-28,01119423
8,14099976;-28,01119423
8,14199976;-28,01119423
8,14299976;-25,76894569
8,14399976;-25,76894569
8,14499976;-26,88853073
8,14599976;-25,76894569
8,14699976;-24,64935684
8,14799976;-24,64935684
8,14899976;-24,64935684
8,14999976;-24,64935684
8,15099976;-24,64935684
8,15199976;-24,64935684
8,15299976;-23,52669716
8,15399976;-23,52669716
8,15499976;-23,52669716
8,15599976;-22,40711021
8,15699976;-22,40711021
8,15799976;-21,28752327
8,15899976;-20,16793633
8,15999976;-19,04527283
8,16099976;-19,04527283
8,16199976;-17,92568779
8,16299976;-17,92568779
8,16399976;-16,80610085
8,16499976;-15,68343925
8,16599976;-15,68343925
8,16699976;-14,56385231
8,16799976;-14,56385231
8,16899976;-13,44426537
8,16999976;-12,32467842
8,17099976;-11,20201683
8,17199976;-10,08243084
8,17299976;-10,08243084
8,17399976;-8,96284389
8,17499976;-6,72059488
8,17599976;-6,72059488
8,17699976;-5,60100842
8,17799976;-4,48142195
8,17899976;-3,35875964
8,17999976;-2,23917317
8,18099976;-1,11958659
8,18199976;0,00000000
8,18299976;1,11958659
8,18399976;2,23917317
8,18499976;3,35875964
8,18599976;4,48142195
8,18699976;5,60100842
8,18799976;7,84018135
8,18899976;7,84018135
8,18999976;8,96284389
8,19099976;10,08243084
8,19199976;11,20201683
8,19299976;13,44426537
8,19399976;14,56385231
8,19499976;14,56385231
8,19599976;15,68343925
8,19699976;16,80610085
8,19799976;17,92568779
8,19899976;19,04527283
8,19999976;20,16793633
8,20099976;20,16793633
8,20199976;22,40711021
8,20299976;22,40711021
8,20399976;23,52669716
8,20499976;24,64935684
8,20599976;24,64935684
8,20699976;25,76894569
8,20799976;25,76894569
8,20899976;26,88853073
8,20999976;28,01119423
8,21099976;28,01119423
8,21199976;29,13078117
8,21299976;29,13078117
8,21399976;30,25036621
8,21499976;29,13078117
8,21599976;30,25036621
8,21699976;30,25036621
8,21799976;31,36995316
8,21899976;31,36995316
8,21999976;31,36995316
8,22099976;30,25036621
8,22199976;31,36995316
8,22299976;31,36995316
8,22399976;31,36995316
8,22499976;31,36995316
8,22599976;31,36995316
8,22699976;30,25036621
8,22799976;30,25036621
8,22899976;30,25036621
8,22999976;30,25036621
8,23099976;30,25036621
8,23199976;30,25036621
8,23299976;30,25036621
8,23399976;29,13078117
8,23499976;29,13078117
8,23599976;28,01119423
8,23699976;28,01119423
8,23799976;28,01119423
8,23899976;26,88853073
8,23999976;25,76894569
8,24099976;25,76894569
8,24199976;24,64935684
8,24299976;24,64935684
8,24399976;23,52669716
8,24499976;23,52669716
8,24599976;22,40711021
8,24699976;21,28752327
8,24799976;21,28752327
8,24899976;20,16793633
8,24999976;19,04527283
8,25099976;19,04527283
8,25199976;17,92568779
8,25299976;16,80610085
8,25399976;15,68343925
8,25499976;14,56385231
8,25599976;14,56385231
8,25699976;12,32467842
8,25799976;12,32467842
8,25899976;10,08243084
8,25999976;10,08243084
8,26099976;8,96284389
8,26199976;7,84018135
8,26299976;6,72059488
8,26399976;5,60100842
8,26499976;4,48142195
8,26599976;3,35875964
8,26699976;2,23917317
8,26799976;1,11958659
8,26899976;0,00000000
8,26999976;-1,11958659
8,27099976;-3,35875964
8,27199976;-3,35875964
8,27299976;-4,48142195
8,27399976;-5,60100842
8,27499976;-7,84018135
8,27599976;-8,96284389
8,27699976;-10,08243084
8,27799976;-11,20201683
8,27899976;-12,32467842
8,27999976;-13,44426537
8,28099976;-14,56385231
8,28199976;-15,68343925
8,28299976;-16,80610085
8,28399976;-17,92568779
8,28499976;-19,04527283
8,28599976;-20,16793633
8,28699976;-20,16793633
8,28799976;-21,28752327
8,28899976;-22,40711021
8,28999976;-23,52669716
8,29099976;-23,52669716
8,29199976;-25,76894569
8,29299976;-25,76894569
8,29399976;-25,76894569
8,29499976;-26,88853073
8,29599976;-28,01119423
8,29699976;-28,01119423
8,29799976;-28,01119423
8,29899976;-28,01119423
8,29999976;-29,13078117
8,30099976;-29,13078117
8,30199976;-29,13078117
8,30299976;-29,13078117
8,30399976;-29,13078117
8,30499976;-29,13078117
8,30599976;-29,13078117
8,30699976;-29,13078117
8,30799976;-29,13078117
8,30899976;-29,13078117
8,30999976;-29,13078117
8,31099976;-29,13078117
8,31199976;-29,13078117
8,31299976;-29,13078117
8,31399976;-29,13078117
8,31499976;-28,01119423
8,31599976;-28,01119423
8,31699976;-28,01119423
8,31799976;-28,01119423
8,31899976;-26,88853073
8,31999976;-26,88853073
8,32099976;-26,88853073
8,32199976;-25,76894569
8,32299976;-25,76894569
8,32399976;-25,76894569
8,32499976;-25,76894569
8,32599976;-24,64935684
8,32699976;-24,64935684
8,32799976;-24,64935684
8,32899976;-24,64935684
8,32999976;-23,52669716
8,33099976;-23,52669716
8,33199976;-23,52669716
8,33299976;-23,52669716
8,33399976;-22,40711021
8,33499976;-21,28752327
8,33599976;-20,16793633
8,33699976;-20,16793633
8,33799976;-20,16793633
8,33899976;-19,04527283
8,33999976;-17,92568779
8,34099975;-17,92568779
8,34199975;-16,80610085
8,34299975;-15,68343925
8,34399975;-15,68343925
8,34499975;-14,56385231
8,34599975;-14,56385231
8,34699975;-13,44426537
8,34799975;-12,32467842
8,34899975;-11,20201683
8,34999975;-10,08243084
8,35099975;-8,96284389
8,35199975;-7,84018135
8,35299975;-6,72059488
8,35399975;-6,72059488
8,35499975;-5,60100842
8,35599975;-3,35875964
8,35699975;-2,23917317
8,35799975;-2,23917317
8,35899975;0,00000000
8,35999975;0,00000000
8,36099975;2,23917317
8,36199975;3,35875964
8,36299975;4,48142195
8,36399975;5,60100842
8,36499975;6,72059488
8,36599975;6,72059488
8,36699975;7,84018135
8,36799975;8,96284389
8,36899975;11,20201683
8,36999975;11,20201683
8,37099975;12,32467842
8,37199975;13,44426537
8,37299975;15,68343925
8,37399975;16,80610085
8,37499975;16,80610085
8,37599975;17,92568779
8,37699975;19,04527283
8,37799975;20,16793633
8,37899975;21,28752327
8,37999975;22,40711021
8,38099975;22,40711021
8,38199975;23,52669716
8,38299975;24,64935684
8,38399975;25,76894569
8,38499975;25,76894569
8,38599975;26,88853073
8,38699975;26,88853073
8,38799975;28,01119423
8,38899975;28,01119423
8,38999975;29,13078117
8,39099975;29,13078117
8,39199975;30,25036621
8,39299975;30,25036621
8,39399975;30,25036621
8,39499975;30,25036621
8,39599975;30,25036621
8,39699975;31,36995316
8,39799975;31,36995316
8,39899975;31,36995316
8,39999975;31,36995316
8,40099975;31,36995316
8,40199975;31,36995316
8,40299975;31,36995316
8,40399975;31,36995316
8,40499975;31,36995316
8,40599975;30,25036621
8,40699975;30,25036621
8,40799975;30,25036621
8,40899975;30,25036621
8,40999975;30,25036621
8,41099975;30,25036621
8,41199975;29,13078117
8,41299975;29,13078117
8,41399975;28,01119423
8,41499975;28,01119423
8,41599975;28,01119423
8,41699975;26,88853073
8,41799975;25,76894569
8,41899975;25,76894569
8,41999975;24,64935684
8,42099975;24,64935684
8,42199975;23,52669716
8,42299975;23,52669716
8,42399975;22,40711021
8,42499975;21,28752327
8,42599975;21,28752327
8,42699975;20,16793633
8,42799975;19,04527283
8,42899975;17,92568779
8,42999975;17,92568779
8,43099975;16,80610085
8,43199975;15,68343925
8,43299975;14,56385231
8,43399975;13,44426537
8,43499975;12,32467842
8,43599975;11,20201683
8,43699975;10,08243084
8,43799975;10,08243084
8,43899975;8,96284389
8,43999975;7,84018135
8,44099975;6,72059488
8,44199975;5,60100842
8,44299975;3,35875964
8,44399975;2,23917317
8,44499975;1,11958659
8,44599975;1,11958659
8,44699975;0,00000000
8,44799975;-1,11958659
8,44899975;-3,35875964
8,44999975;-4,48142195
8,45099975;-5,60100842
8,45199975;-6,72059488
8,45299975;-7,84018135
8,45399975;-8,96284389
8,45499975;-10,08243084
8,45599975;-11,20201683
8,45699975;-12,32467842
8,45799975;-13,44426537
8,45899975;-14,56385231
8,45999975;-15,68343925
8,46099975;-16,80610085
8,46199975;-17,92568779
8,46299975;-19,04527283
8,46399975;-20,16793633
8,46499975;-21,28752327
8,46599975;-22,40711021
8,46699975;-23,52669716
8,46799975;-23,52669716
8,46899975;-24,64935684
8,46999975;-25,76894569
8,47099975;-25,76894569
8,47199975;-26,88853073
8,47299975;-26,88853073
8,47399975;-26,88853073
8,47499975;-28,01119423
8,47599975;-28,01119423
8,47699975;-28,01119423
8,47799975;-28,01119423
8,47899975;-29,13078117
8,47999975;-29,13078117
8,48099975;-29,13078117
8,48199975;-29,13078117
8,48299975;-29,13078117
8,48399975;-29,13078117
8,48499975;-29,13078117
8,48599975;-29,13078117
8,48699975;-29,13078117
8,48799975;-29,13078117
8,48899975;-29,13078117
8,48999975;-29,13078117
8,49099975;-29,13078117
8,49199975;-28,01119423
8,49299975;-28,01119423
8,49399975;-28,01119423
8,49499975;-28,01119423
8,49599975;-28,01119423
8,49699975;-28,01119423
8,49799975;-26,88853073
8,49899975;-26,88853073
8,49999975;-25,76894569
8,50099975;-25,76894569
8,50199975;-25,76894569
8,50299975;-25,76894569
8,50399975;-24,64935684
8,50499975;-24,64935684
8,50599975;-24,64935684
8,50699975;-24,64935684
8,50799975;-24,64935684
8,50899975;-23,52669716
8,50999975;-23,52669716
8,51099975;-22,40711021
8,51199975;-22,40711021
8,51299975;-21,28752327
8,51399975;-21,28752327
8,51499975;-20,16793633
8,51599975;-20,16793633
8,51699975;-19,04527283
8,51799975;-17,92568779
8,51899975;-17,92568779
8,51999975;-16,80610085
8,52099975;-15,68343925
8,52199975;-15,68343925
8,52299975;-14,56385231
8,52399975;-13,44426537
8,52499975;-13,44426537
8,52599975;-12,32467842
8,52699975;-11,20201683
8,52799975;-10,08243084
8,52899975;-8,96284389
8,52999975;-7,84018135
8,53099975;-6,72059488
8,53199975;-5,60100842
8,53299975;-4,48142195
8,53399975;-3,35875964
8,53499975;-2,23917317
8,53599975;-1,11958659
8,53699975;0,00000000
8,53799975;0,00000000
8,53899975;2,23917317
8,53999975;2,23917317
8,54099975;4,48142195
8,54199975;5,60100842
8,54299975;6,72059488
8,54399975;7,84018135
8,54499975;8,96284389
8,54599975;10,08243084
8,54699975;10,08243084
8,54799975;12,32467842
8,54899975;12,32467842
8,54999975;13,44426537
8,55099975;15,68343925
8,55199975;16,80610085
8,55299975;17,92568779
8,55399975;17,92568779
8,55499975;19,04527283
8,55599975;20,16793633
8,55699975;21,28752327
8,55799975;21,28752327
8,55899975;22,40711021
8,55999975;23,52669716
8,56099975;24,64935684
8,56199975;24,64935684
8,56299975;25,76894569
8,56399975;26,88853073
8,56499975;26,88853073
8,56599975;28,01119423
8,56699975;29,13078117
8,56799975;29,13078117
8,56899975;29,13078117
8,56999975;29,13078117
8,57099975;30,25036621
8,57199975;30,25036621
8,57299975;30,25036621
8,57399975;30,25036621
8,57499975;31,36995316
8,57599975;31,36995316
8,57699975;31,36995316
8,57799975;31,36995316
8,57899975;31,36995316
8,57999975;31,36995316
8,58099975;31,36995316
8,58199975;31,36995316
8,58299975;31,36995316
8,58399975;30,25036621
8,58499975;30,25036621
8,58599975;30,25036621
8,58699975;30,25036621
8,58799975;30,25036621
8,58899975;29,13078117
8,58999975;29,13078117
8,59099975;29,13078117
8,59199975;28,01119423
8,59299975;28,01119423
8,59399975;26,88853073
8,59499975;25,76894569
8,59599975;25,76894569
8,59699975;25,76894569
8,59799975;24,64935684
8,59899975;23,52669716
8,59999975;23,52669716
8,60099975;22,40711021
8,60199975;22,40711021
8,60299975;21,28752327
8,60399975;21,28752327
8,60499975;20,16793633
8,60599975;19,04527283
8,60699975;17,92568779
8,60799975;16,80610085
8,60899975;16,80610085
8,60999975;15,68343925
8,61099975;14,56385231
8,61199975;13,44426537
8,61299975;13,44426537
8,61399975;12,32467842
8,61499975;10,08243084
8,61599975;10,08243084
8,61699975;7,84018135
8,61799975;6,72059488
8,61899975;5,60100842
8,61999975;4,48142195
8,62099975;3,35875964
8,62199975;3,35875964
8,62299975;1,11958659
8,62399975;0,00000000
8,62499975;0,00000000
8,62599975;-2,23917317
8,62699975;-3,35875964
8,62799975;-4,48142195
8,62899975;-5,60100842
8,62999975;-6,72059488
8,63099975;-7,84018135
8,63199975;-8,96284389
8,63299975;-10,08243084
8,63399975;-11,20201683
8,63499975;-12,32467842
8,63599975;-13,44426537
8,63699975;-14,56385231
8,63799975;-15,68343925
8,63899975;-16,80610085
8,63999975;-17,92568779
8,64099975;-19,04527283
8,64199975;-20,16793633
8,64299975;-21,28752327
8,64399975;-22,40711021
8,64499975;-23,52669716
8,64599975;-23,52669716
8,64699975;-24,64935684
8,64799975;-24,64935684
8,64899975;-25,76894569
8,64999975;-26,88853073
8,65099975;-26,88853073
8,65199975;-28,01119423
8,65299975;-28,01119423
8,65399975;-28,01119423
8,65499975;-28,01119423
8,65599975;-29,13078117
8,65699975;-29,13078117
8,65799975;-29,13078117
8,65899975;-29,13078117
8,65999975;-29,13078117
8,66099975;-30,25036621
8,66199975;-29,13078117
8,66299975;-29,13078117
8,66399975;-29,13078117
8,66499975;-29,13078117
8,66599975;-29,13078117
8,66699975;-29,13078117
8,66799975;-29,13078117
8,66899975;-29,13078117
8,66999975;-28,01119423
8,67099975;-28,01119423
8,67199975;-28,01119423
8,67299975;-28,01119423
8,67399975;-28,01119423
8,67499975;-28,01119423
8,67599975;-26,88853073
8,67699975;-26,88853073
8,67799975;-25,76894569
8,67899975;-25,76894569
8,67999975;-25,76894569
8,68099975;-24,64935684
8,68199975;-24,64935684
8,68299975;-24,64935684
8,68399975;-24,64935684
8,68499975;-24,64935684
8,68599975;-23,52669716
8,68699975;-23,52669716
8,68799975;-23,52669716
8,68899975;-23,52669716
8,68999975;-22,40711021
8,69099975;-21,28752327
8,69199975;-20,16793633
8,69299975;-20,16793633
8,69399975;-20,16793633
8,69499974;-17,92568779
8,69599974;-17,92568779
8,69699974;-17,92568779
8,69799974;-16,80610085
8,69899974;-15,68343925
8,69999974;-15,68343925
8,70099974;-14,56385231
8,70199974;-13,44426537
8,70299974;-12,32467842
8,70399974;-11,20201683
8,70499974;-11,20201683
8,70599974;-10,08243084
8,70699974;-8,96284389
8,70799974;-7,84018135
8,70899974;-6,72059488
8,70999974;-5,60100842
8,71099974;-4,48142195
8,71199974;-4,48142195
8,71299974;-3,35875964
8,71399974;-2,23917317
8,71499974;0,00000000
8,71599974;1,11958659
8,71699974;1,11958659
8,71799974;3,35875964
8,71899974;4,48142195
8,71999974;5,60100842
8,72099974;6,72059488
8,72199974;7,84018135
8,72299974;8,96284389
8,72399974;10,08243084
8,72499974;11,20201683
8,72599974;12,32467842
8,72699974;13,44426537
8,72799974;14,56385231
8,72899974;15,68343925
8,72999974;16,80610085
8,73099974;17,92568779
8,73199974;19,04527283
8,73299974;19,04527283
8,73399974;20,16793633
8,73499974;21,28752327
8,73599974;22,40711021
8,73699974;23,52669716
8,73799974;23,52669716
8,73899974;24,64935684
8,73999974;25,76894569
8,74099974;25,76894569
8,74199974;26,88853073
8,74299974;28,01119423
8,74399974;28,01119423
8,74499974;29,13078117
8,74599974;29,13078117
8,74699974;29,13078117
8,74799974;29,13078117
8,74899974;30,25036621
8,74999974;30,25036621
8,75099974;30,25036621
8,75199974;30,25036621
8,75299974;31,36995316
8,75399974;31,36995316
8,75499974;31,36995316
8,75599974;31,36995316
8,75699974;31,36995316
8,75799974;31,36995316
8,75899974;31,36995316
8,75999974;31,36995316
8,76099974;30,25036621
8,76199974;31,36995316
8,76299974;30,25036621
8,76399974;29,13078117
8,76499974;29,13078117
8,76599974;30,25036621
8,76699974;29,13078117
8,76799974;29,13078117
8,76899974;29,13078117
8,76999974;28,01119423
8,77099974;26,88853073
8,77199974;26,88853073
8,77299974;26,88853073
8,77399974;26,88853073
8,77499974;25,76894569
8,77599974;24,64935684
8,77699974;23,52669716
8,77799974;22,40711021
8,77899974;22,40711021
8,77999974;21,28752327
8,78099974;21,28752327
8,78199974;21,28752327
8,78299974;20,16793633
8,78399974;19,04527283
8,78499974;17,92568779
8,78599974;16,80610085
8,78699974;15,68343925
8,78799974;14,56385231
8,78899974;14,56385231
8,78999974;13,44426537
8,79099974;12,32467842
8,79199974;11,20201683
8,79299974;10,08243084
8,79399974;8,96284389
8,79499974;7,84018135
8,79599974;6,72059488
8,79699974;6,72059488
8,79799974;4,48142195
8,79899974;4,48142195
8,79999974;2,23917317
8,80099974;1,11958659
8,80199974;0,00000000
8,80299974;-1,11958659
8,80399974;-2,23917317
8,80499974;-3,35875964
8,80599974;-4,48142195
8,80699974;-5,60100842
8,80799974;-6,72059488
8,80899974;-7,84018135
8,80999974;-8,96284389
8,81099974;-10,08243084
8,81199974;-11,20201683
8,81299974;-12,32467842
8,81399974;-13,44426537
8,81499974;-15,68343925
8,81599974;-15,68343925
8,81699974;-16,80610085
8,81799974;-17,92568779
8,81899974;-19,04527283
8,81999974;-20,16793633
8,82099974;-21,28752327
8,82199974;-22,40711021
8,82299974;-22,40711021
8,82399974;-23,52669716
8,82499974;-24,64935684
8,82599974;-25,76894569
8,82699974;-25,76894569
8,82799974;-26,88853073
8,82899974;-26,88853073
8,82999974;-28,01119423
8,83099974;-28,01119423
8,83199974;-28,01119423
8,83299974;-28,01119423
8,83399974;-28,01119423
8,83499974;-29,13078117
8,83599974;-29,13078117
8,83699974;-29,13078117
8,83799974;-29,13078117
8,83899974;-29,13078117
8,83999974;-30,25036621
8,84099974;-29,13078117
8,84199974;-29,13078117
8,84299974;-29,13078117
8,84399974;-29,13078117
8,84499974;-29,13078117
8,84599974;-28,01119423
8,84699974;-28,01119423
8,84799974;-28,01119423
8,84899974;-28,01119423
8,84999974;-28,01119423
8,85099974;-28,01119423
8,85199974;-28,01119423
8,85299974;-26,88853073
8,85399974;-26,88853073
8,85499974;-26,88853073
8,85599974;-25,76894569
8,85699974;-25,76894569
8,85799974;-25,76894569
8,85899974;-25,76894569
8,85999974;-24,64935684
8,86099974;-24,64935684
8,86199974;-24,64935684
8,86299974;-23,52669716
8,86399974;-23,52669716
8,86499974;-23,52669716
8,86599974;-23,52669716
8,86699974;-23,52669716
8,86799974;-22,40711021
8,86899974;-21,28752327
8,86999974;-21,28752327
8,87099974;-20,16793633
8,87199974;-19,04527283
8,87299974;-19,04527283
8,87399974;-17,92568779
8,87499974;-17,92568779
8,87599974;-16,80610085
8,87699974;-15,68343925
8,87799974;-14,56385231
8,87899974;-14,56385231
8,87999974;-13,44426537
8,88099974;-13,44426537
8,88199974;-12,32467842
8,88299974;-11,20201683
8,88399974;-8,96284389
8,88499974;-7,84018135
8,88599974;-7,84018135
8,88699974;-6,72059488
8,88799974;-5,60100842
8,88899974;-4,48142195
8,88999974;-3,35875964
8,89099974;-2,23917317
8,89199974;-1,11958659
8,89299974;0,00000000
8,89399974;1,11958659
8,89499974;2,23917317
8,89599974;3,35875964
8,89699974;4,48142195
8,89799974;5,60100842
8,89899974;6,72059488
8,89999974;7,84018135
8,90099974;8,96284389
8,90199974;10,08243084
8,90299974;11,20201683
8,90399974;12,32467842
8,90499974;13,44426537
8,90599974;14,56385231
8,90699974;15,68343925
8,90799974;16,80610085
8,90899974;17,92568779
8,90999974;19,04527283
8,91099974;20,16793633
8,91199974;20,16793633
8,91299974;21,28752327
8,91399974;21,28752327
8,91499974;22,40711021
8,91599974;23,52669716
8,91699974;24,64935684
8,91799974;25,76894569
8,91899974;25,76894569
8,91999974;26,88853073
8,92099974;28,01119423
8,92199974;29,13078117
8,92299974;29,13078117
8,92399974;29,13078117
8,92499974;29,13078117
8,92599974;30,25036621
8,92699974;30,25036621
8,92799974;30,25036621
8,92899974;30,25036621
8,92999974;31,36995316
8,93099974;31,36995316
8,93199974;30,25036621
8,93299974;30,25036621
8,93399974;31,36995316
8,93499974;31,36995316
8,93599974;31,36995316
8,93699974;31,36995316
8,93799974;30,25036621
8,93899974;30,25036621
8,93999974;30,25036621
8,94099974;30,25036621
8,94199974;30,25036621
8,94299974;30,25036621
8,94399974;29,13078117
8,94499974;29,13078117
8,94599974;29,13078117
8,94699974;29,13078117
8,94799974;28,01119423
8,94899974;28,01119423
8,94999974;26,88853073
8,95099974;25,76894569
8,95199974;25,76894569
8,95299974;25,76894569
8,95399974;24,64935684
8,95499974;23,52669716
8,95599974;23,52669716
8,95699974;22,40711021
8,95799974;22,40711021
8,95899974;21,28752327
8,95999974;20,16793633
8,96099974;19,04527283
8,96199974;19,04527283
8,96299974;17,92568779
8,96399974;16,80610085
8,96499974;15,68343925
8,96599974;15,68343925
8,96699974;14,56385231
8,96799974;13,44426537
8,96899974;12,32467842
8,96999974;11,20201683
8,97099974;10,08243084
8,97199974;8,96284389
8,97299974;7,84018135
8,97399974;6,72059488
8,97499974;5,60100842
8,97599974;5,60100842
8,97699974;3,35875964
8,97799974;2,23917317
8,97899974;1,11958659
8,97999974;0,00000000
8,98099974;-1,11958659
8,98199974;-2,23917317
8,98299974;-3,35875964
8,98399974;-5,60100842
8,98499974;-5,60100842
8,98599974;-6,72059488
8,98699974;-7,84018135
8,98799974;-8,96284389
8,98899974;-10,08243084
8,98999974;-11,20201683
8,99099974;-12,32467842
8,99199974;-13,44426537
8,99299974;-15,68343925
8,99399974;-16,80610085
8,99499974;-17,92568779
8,99599974;-19,04527283
8,99699974;-19,04527283
8,99799974;-20,16793633
8,99899974;-21,28752327
8,99999974;-22,40711021
9,00099974;-23,52669716
9,00199974;-24,64935684
9,00299974;-24,64935684
9,00399974;-25,76894569
9,00499974;-25,76894569
9,00599974;-26,88853073
9,00699974;-26,88853073
9,00799974;-26,88853073
9,00899974;-28,01119423
9,00999974;-28,01119423
9,01099974;-28,01119423
9,01199974;-29,13078117
9,01299974;-29,13078117
9,01399974;-29,13078117
9,01499974;-29,13078117
9,01599974;-29,13078117
9,01699974;-29,13078117
9,01799974;-29,13078117
9,01899974;-29,13078117
9,01999974;-30,25036621
9,02099974;-29,13078117
9,02199974;-29,13078117
9,02299974;-29,13078117
9,02399974;-29,13078117
9,02499974;-29,13078117
9,02599974;-28,01119423
9,02699974;-28,01119423
9,02799974;-28,01119423
9,02899974;-28,01119423
9,02999974;-28,01119423
9,03099974;-26,88853073
9,03199974;-26,88853073
9,03299974;-26,88853073
9,03399974;-25,76894569
9,03499974;-25,76894569
9,03599974;-25,76894569
9,03699974;-25,76894569
9,03799974;-24,64935684
9,03899974;-24,64935684
9,03999974;-24,64935684
9,04099974;-24,64935684
9,04199974;-23,52669716
9,04299974;-23,52669716
9,04399974;-23,52669716
9,04499974;-22,40711021
9,04599974;-22,40711021
9,04699974;-21,28752327
9,04799974;-20,16793633
9,04899973;-20,16793633
9,04999973;-19,04527283
9,05099973;-19,04527283
9,05199973;-17,92568779
9,05299973;-16,80610085
9,05399973;-16,80610085
9,05499973;-15,68343925
9,05599973;-14,56385231
9,05699973;-13,44426537
9,05799973;-13,44426537
9,05899973;-12,32467842
9,05999973;-11,20201683
9,06099973;-11,20201683
9,06199973;-10,08243084
9,06299973;-8,96284389
9,06399973;-7,84018135
9,06499973;-6,72059488
9,06599973;-5,60100842
9,06699973;-4,48142195
9,06799973;-3,35875964
9,06899973;-2,23917317
9,06999973;-1,11958659
9,07099973;0,00000000
9,07199973;1,11958659
9,07299973;2,23917317
9,07399973;3,35875964
9,07499973;4,48142195
9,07599973;5,60100842
9,07699973;6,72059488
9,07799973;7,84018135
9,07899973;8,96284389
9,07999973;10,08243084
9,08099973;11,20201683
9,08199973;12,32467842
9,08299973;13,44426537
9,08399973;14,56385231
9,08499973;15,68343925
9,08599973;16,80610085
9,08699973;17,92568779
9,08799973;19,04527283
9,08899973;19,04527283
9,08999973;20,16793633
9,09099973;21,28752327
9,09199973;22,40711021
9,09299973;23,52669716
9,09399973;23,52669716
9,09499973;24,64935684
9,09599973;25,76894569
9,09699973;26,88853073
9,09799973;26,88853073
9,09899973;28,01119423
9,09999973;28,01119423
9,10099973;28,01119423
9,10199973;29,13078117
9,10299973;29,13078117
9,10399973;30,25036621
9,10499973;30,25036621
9,10599973;30,25036621
9,10699973;31,36995316
9,10799973;30,25036621
9,10899973;31,36995316
9,10999973;31,36995316
9,11099973;31,36995316
9,11199973;31,36995316
9,11299973;31,36995316
9,11399973;31,36995316
9,11499973;30,25036621
9,11599973;30,25036621
9,11699973;30,25036621
9,11799973;30,25036621
9,11899973;30,25036621
9,11999973;30,25036621
9,12099973;30,25036621
9,12199973;30,25036621
9,12299973;29,13078117
9,12399973;29,13078117
9,12499973;28,01119423
9,12599973;28,01119423
9,12699973;28,01119423
9,12799973;26,88853073
9,12899973;26,88853073
9,12999973;25,76894569
9,13099973;25,76894569
9,13199973;24,64935684
9,13299973;23,52669716
9,13399973;23,52669716
9,13499973;22,40711021
9,13599973;21,28752327
9,13699973;21,28752327
9,13799973;20,16793633
9,13899973;19,04527283
9,13999973;19,04527283
9,14099973;17,92568779
9,14199973;16,80610085
9,14299973;15,68343925
9,14399973;14,56385231
9,14499973;13,44426537
9,14599973;12,32467842
9,14699973;12,32467842
9,14799973;11,20201683
9,14899973;10,08243084
9,14999973;8,96284389
9,15099973;7,84018135
9,15199973;6,72059488
9,15299973;5,60100842
9,15399973;4,48142195
9,15499973;3,35875964
9,15599973;2,23917317
9,15699973;1,11958659
9,15799973;0,00000000
9,15899973;-1,11958659
9,15999973;-2,23917317
9,16099973;-3,35875964
9,16199973;-4,48142195
9,16299973;-5,60100842
9,16399973;-6,72059488
9,16499973;-8,96284389
9,16599973;-10,08243084
9,16699973;-10,08243084
9,16799973;-11,20201683
9,16899973;-12,32467842
9,16999973;-14,56385231
9,17099973;-15,68343925
9,17199973;-16,80610085
9,17299973;-17,92568779
9,17399973;-17,92568779
9,17499973;-19,04527283
9,17599973;-20,16793633
9,17699973;-21,28752327
9,17799973;-22,40711021
9,17899973;-23,52669716
9,17999973;-24,64935684
9,18099973;-24,64935684
9,18199973;-25,76894569
9,18299973;-25,76894569
9,18399973;-26,88853073
9,18499973;-28,01119423
9,18599973;-28,01119423
9,18699973;-28,01119423
9,18799973;-28,01119423
9,18899973;-28,01119423
9,18999973;-29,13078117
9,19099973;-29,13078117
9,19199973;-29,13078117
9,19299973;-29,13078117
9,19399973;-30,25036621
9,19499973;-30,25036621
9,19599973;-29,13078117
9,19699973;-29,13078117
9,19799973;-29,13078117
9,19899973;-29,13078117
9,19999973;-29,13078117
9,20099973;-29,13078117
9,20199973;-28,01119423
9,20299973;-29,13078117
9,20399973;-29,13078117
9,20499973;-28,01119423
9,20599973;-28,01119423
9,20699973;-28,01119423
9,20799973;-26,88853073
9,20899973;-26,88853073
9,20999973;-26,88853073
9,21099973;-26,88853073
9,21199973;-26,88853073
9,21299973;-25,76894569
9,21399973;-25,76894569
9,21499973;-25,76894569
9,21599973;-24,64935684
9,21699973;-24,64935684
9,21799973;-24,64935684
9,21899973;-23,52669716
9,21999973;-23,52669716
9,22099973;-23,52669716
9,22199973;-23,52669716
9,22299973;-23,52669716
9,22399973;-22,40711021
9,22499973;-21,28752327
9,22599973;-20,16793633
9,22699973;-20,16793633
9,22799973;-19,04527283
9,22899973;-17,92568779
9,22999973;-17,92568779
9,23099973;-16,80610085
9,23199973;-15,68343925
9,23299973;-15,68343925
9,23399973;-14,56385231
9,23499973;-13,44426537
9,23599973;-13,44426537
9,23699973;-12,32467842
9,23799973;-12,32467842
9,23899973;-11,20201683
9,23999973;-10,08243084
9,24099973;-8,96284389
9,24199973;-7,84018135
9,24299973;-6,72059488
9,24399973;-5,60100842
9,24499973;-4,48142195
9,24599973;-3,35875964
9,24699973;-2,23917317
9,24799973;-1,11958659
9,24899973;0,00000000
9,24999973;1,11958659
9,25099973;2,23917317
9,25199973;3,35875964
9,25299973;4,48142195
9,25399973;5,60100842
9,25499973;6,72059488
9,25599973;7,84018135
9,25699973;8,96284389
9,25799973;10,08243084
9,25899973;11,20201683
9,25999973;12,32467842
9,26099973;13,44426537
9,26199973;14,56385231
9,26299973;15,68343925
9,26399973;16,80610085
9,26499973;17,92568779
9,26599973;19,04527283
9,26699973;20,16793633
9,26799973;20,16793633
9,26899973;21,28752327
9,26999973;22,40711021
9,27099973;23,52669716
9,27199973;24,64935684
9,27299973;24,64935684
9,27399973;25,76894569
9,27499973;26,88853073
9,27599973;26,88853073
9,27699973;28,01119423
9,27799973;29,13078117
9,27899973;29,13078117
9,27999973;29,13078117
9,28099973;29,13078117
9,28199973;30,25036621
9,28299973;30,25036621
9,28399973;30,25036621
9,28499973;30,25036621
9,28599973;31,36995316
9,28699973;31,36995316
9,28799973;31,36995316
9,28899973;31,36995316
9,28999973;31,36995316
9,29099973;31,36995316
9,29199973;31,36995316
9,29299973;31,36995316
9,29399973;31,36995316
9,29499973;31,36995316
9,29599973;30,25036621
9,29699973;30,25036621
9,29799973;30,25036621
9,29899973;30,25036621
9,29999973;29,13078117
9,30099973;29,13078117
9,30199973;29,13078117
9,30299973;28,01119423
9,30399973;28,01119423
9,30499973;26,88853073
9,30599973;26,88853073
9,30699973;26,88853073
9,30799973;25,76894569
9,30899973;24,64935684
9,30999973;24,64935684
9,31099973;23,52669716
9,31199973;23,52669716
9,31299973;22,40711021
9,31399973;21,28752327
9,31499973;21,28752327
9,31599973;20,16793633
9,31699973;19,04527283
9,31799973;17,92568779
9,31899973;17,92568779
9,31999973;16,80610085
9,32099973;15,68343925
9,32199973;14,56385231
9,32299973;13,44426537
9,32399973;12,32467842
9,32499973;11,20201683
9,32599973;11,20201683
9,32699973;10,08243084
9,32799973;8,96284389
9,32899973;7,84018135
9,32999973;6,72059488
9,33099973;5,60100842
9,33199973;4,48142195
9,33299973;3,35875964
9,33399973;2,23917317
9,33499973;1,11958659
9,33599973;0,00000000
9,33699973;-1,11958659
9,33799973;-2,23917317
9,33899973;-3,35875964
9,33999973;-4,48142195
9,34099973;-5,60100842
9,34199973;-7,84018135
9,34299973;-8,96284389
9,34399973;-8,96284389
9,34499973;-11,20201683
9,34599973;-12,32467842
9,34699973;-13,44426537
9,34799973;-14,56385231
9,34899973;-15,68343925
9,34999973;-15,68343925
9,35099973;-16,80610085
9,35199973;-19,04527283
9,35299973;-19,04527283
9,35399973;-20,16793633
9,35499973;-22,40711021
9,35599973;-22,40711021
9,35699973;-23,52669716
9,35799973;-24,64935684
9,35899973;-24,64935684
9,35999973;-25,76894569
9,36099973;-26,88853073
9,36199973;-26,88853073
9,36299973;-28,01119423
9,36399973;-28,01119423
9,36499973;-28,01119423
9,36599973;-28,01119423
9,36699973;-29,13078117
9,36799973;-29,13078117
9,36899973;-29,13078117
9,36999973;-29,13078117
9,37099973;-29,13078117
9,37199973;-29,13078117
9,37299973;-29,13078117
9,37399973;-29,13078117
9,37499973;-30,25036621
9,37599973;-29,13078117
9,37699973;-29,13078117
9,37799973;-29,13078117
9,37899973;-29,13078117
9,37999973;-29,13078117
9,38099973;-29,13078117
9,38199973;-28,01119423
9,38299973;-28,01119423
9,38399973;-28,01119423
9,38499973;-28,01119423
9,38599973;-26,88853073
9,38699973;-26,88853073
9,38799973;-26,88853073
9,38899973;-26,88853073
9,38999973;-25,76894569
9,39099973;-25,76894569
9,39199973;-25,76894569
9,39299973;-25,76894569
9,39399973;-24,64935684
9,39499973;-24,64935684
9,39599973;-24,64935684
9,39699973;-24,64935684
9,39799973;-23,52669716
9,39899973;-23,52669716
9,39999973;-23,52669716
9,40099973;-22,40711021
9,40199972;-22,40711021
9,40299972;-21,28752327
9,40399972;-20,16793633
9,40499972;-20,16793633
9,40599972;-19,04527283
9,40699972;-19,04527283
9,40799972;-17,92568779
9,40899972;-16,80610085
9,40999972;-16,80610085
9,41099972;-15,68343925
9,41199972;-14,56385231
9,41299972;-14,56385231
9,41399972;-13,44426537
9,41499972;-12,32467842
9,41599972;-11,20201683
9,41699972;-10,08243084
9,41799972;-8,96284389
9,41899972;-7,84018135
9,41999972;-7,84018135
9,42099972;-6,72059488
9,42199972;-5,60100842
9,42299972;-4,48142195
9,42399972;-3,35875964
9,42499972;-2,23917317
9,42599972;-1,11958659
9,42699972;0,00000000
9,42799972;1,11958659
9,42899972;2,23917317
9,42999972;3,35875964
9,43099972;5,60100842
9,43199972;6,72059488
9,43299972;7,84018135
9,43399972;7,84018135
9,43499972;8,96284389
9,43599972;10,08243084
9,43699972;11,20201683
9,43799972;13,44426537
9,43899972;14,56385231
9,43999972;14,56385231
9,44099972;15,68343925
9,44199972;16,80610085
9,44299972;17,92568779
9,44399972;19,04527283
9,44499972;20,16793633
9,44599972;21,28752327
9,44699972;21,28752327
9,44799972;22,40711021
9,44899972;23,52669716
9,44999972;24,64935684
9,45099972;24,64935684
9,45199972;25,76894569
9,45299972;26,88853073
9,45399972;26,88853073
9,45499972;28,01119423
9,45599972;28,01119423
9,45699972;29,13078117
9,45799972;29,13078117
9,45899972;29,13078117
9,45999972;30,25036621
9,46099972;30,25036621
9,46199972;30,25036621
9,46299972;30,25036621
9,46399972;31,36995316
9,46499972;31,36995316
9,46599972;31,36995316
9,46699972;31,36995316
9,46799972;31,36995316
9,46899972;31,36995316
9,46999972;30,25036621
9,47099972;31,36995316
9,47199972;31,36995316
9,47299972;30,25036621
9,47399972;30,25036621
9,47499972;30,25036621
9,47599972;30,25036621
9,47699972;30,25036621
9,47799972;30,25036621
9,47899972;29,13078117
9,47999972;29,13078117
9,48099972;29,13078117
9,48199972;28,01119423
9,48299972;28,01119423
9,48399972;26,88853073
9,48499972;26,88853073
9,48599972;25,76894569
9,48699972;24,64935684
9,48799972;24,64935684
9,48899972;23,52669716
9,48999972;23,52669716
9,49099972;22,40711021
9,49199972;21,28752327
9,49299972;21,28752327
9,49399972;20,16793633
9,49499972;19,04527283
9,49599972;19,04527283
9,49699972;17,92568779
9,49799972;16,80610085
9,49899972;15,68343925
9,49999972;14,56385231
9,50099972;13,44426537
9,50199972;12,32467842
9,50299972;11,20201683
9,50399972;11,20201683
9,50499972;10,08243084
9,50599972;8,96284389
9,50699972;7,84018135
9,50799972;6,72059488
9,50899972;4,48142195
9,50999972;4,48142195
9,51099972;2,23917317
9,51199972;2,23917317
9,51299972;1,11958659
9,51399972;0,00000000
9,51499972;-1,11958659
9,51599972;-3,35875964
9,51699972;-4,48142195
9,51799972;-4,48142195
9,51899972;-5,60100842
9,51999972;-6,72059488
9,52099972;-8,96284389
9,52199972;-10,08243084
9,52299972;-11,20201683
9,52399972;-12,32467842
9,52499972;-13,44426537
9,52599972;-14,56385231
9,52699972;-15,68343925
9,52799972;-16,80610085
9,52899972;-17,92568779
9,52999972;-19,04527283
9,53099972;-20,16793633
9,53199972;-20,16793633
9,53299972;-21,28752327
9,53399972;-23,52669716
9,53499972;-23,52669716
9,53599972;-24,64935684
9,53699972;-24,64935684
9,53799972;-25,76894569
9,53899972;-26,88853073
9,53999972;-26,88853073
9,54099972;-26,88853073
9,54199972;-28,01119423
9,54299972;-28,01119423
9,54399972;-29,13078117
9,54499972;-29,13078117
9,54599972;-29,13078117
9,54699972;-29,13078117
9,54799972;-29,13078117
9,54899972;-29,13078117
9,54999972;-29,13078117
9,55099972;-29,13078117
9,55199972;-29,13078117
9,55299972;-29,13078117
9,55399972;-29,13078117
9,55499972;-29,13078117
9,55599972;-29,13078117
9,55699972;-29,13078117
9,55799972;-29,13078117
9,55899972;-29,13078117
9,55999972;-29,13078117
9,56099972;-28,01119423
9,56199972;-28,01119423
9,56299972;-28,01119423
9,56399972;-26,88853073
9,56499972;-26,88853073
9,56599972;-26,88853073
9,56699972;-25,76894569
9,56799972;-25,76894569
9,56899972;-25,76894569
9,56999972;-25,76894569
9,57099972;-24,64935684
9,57199972;-24,64935684
9,57299972;-24,64935684
9,57399972;-24,64935684
9,57499972;-24,64935684
9,57599972;-23,52669716
9,57699972;-23,52669716
9,57799972;-22,40711021
9,57899972;-22,40711021
9,57999972;-22,40711021
9,58099972;-21,28752327
9,58199972;-20,16793633
9,58299972;-20,16793633
9,58399972;-19,04527283
9,58499972;-17,92568779
9,58599972;-17,92568779
9,58699972;-16,80610085
9,58799972;-16,80610085
9,58899972;-15,68343925
9,58999972;-14,56385231
9,59099972;-13,44426537
9,59199972;-12,32467842
9,59299972;-12,32467842
9,59399972;-11,20201683
9,59499972;-10,08243084
9,59599972;-8,96284389
9,59699972;-7,84018135
9,59799972;-7,84018135
9,59899972;-6,72059488
9,59999972;-4,48142195
9,60099972;-3,35875964
9,60199972;-3,35875964
9,60299972;-2,23917317
9,60399972;-1,11958659
9,60499972;0,00000000
9,60599972;1,11958659
9,60699972;3,35875964
9,60799972;4,48142195
9,60899972;5,60100842
9,60999972;6,72059488
9,61099972;7,84018135
9,61199972;7,84018135
9,61299972;8,96284389
9,61399972;11,20201683
9,61499972;12,32467842
9,61599972;13,44426537
9,61699972;14,56385231
9,61799972;14,56385231
9,61899972;15,68343925
9,61999972;16,80610085
9,62099972;17,92568779
9,62199972;20,16793633
9,62299972;20,16793633
9,62399972;21,28752327
9,62499972;22,40711021
9,62599972;22,40711021
9,62699972;23,52669716
9,62799972;24,64935684
9,62899972;24,64935684
9,62999972;25,76894569
9,63099972;26,88853073
9,63199972;26,88853073
9,63299972;28,01119423
9,63399972;29,13078117
9,63499972;29,13078117
9,63599972;29,13078117
9,63699972;29,13078117
9,63799972;30,25036621
9,63899972;30,25036621
9,63999972;30,25036621
9,64099972;30,25036621
9,64199972;30,25036621
9,64299972;31,36995316
9,64399972;31,36995316
9,64499972;31,36995316
9,64599972;31,36995316
9,64699972;31,36995316
9,64799972;31,36995316
9,64899972;30,25036621
9,64999972;31,36995316
9,65099972;31,36995316
9,65199972;30,25036621
9,65299972;29,13078117
9,65399972;30,25036621
9,65499972;30,25036621
9,65599972;29,13078117
9,65699972;29,13078117
9,65799972;29,13078117
9,65899972;28,01119423
9,65999972;28,01119423
9,66099972;26,88853073
9,66199972;26,88853073
9,66299972;25,76894569
9,66399972;25,76894569
9,66499972;24,64935684
9,66599972;24,64935684
9,66699972;23,52669716
9,66799972;22,40711021
9,66899972;21,28752327
9,66999972;21,28752327
9,67099972;20,16793633
9,67199972;20,16793633
9,67299972;19,04527283
9,67399972;17,92568779
9,67499972;17,92568779
9,67599972;16,80610085
9,67699972;15,68343925
9,67799972;14,56385231
9,67899972;13,44426537
9,67999972;12,32467842
9,68099972;11,20201683
9,68199972;11,20201683
9,68299972;10,08243084
9,68399972;8,96284389
9,68499972;7,84018135
9,68599972;6,72059488
9,68699972;5,60100842
9,68799972;3,35875964
9,68899972;2,23917317
9,68999972;1,11958659
9,69099972;1,11958659
9,69199972;0,00000000
9,69299972;-2,23917317
9,69399972;-3,35875964
9,69499972;-3,35875964
9,69599972;-4,48142195
9,69699972;-5,60100842
9,69799972;-7,84018135
9,69899972;-8,96284389
9,69999972;-10,08243084
9,70099972;-11,20201683
9,70199972;-12,32467842
9,70299972;-13,44426537
9,70399972;-14,56385231
9,70499972;-15,68343925
9,70599972;-16,80610085
9,70699972;-17,92568779
9,70799972;-19,04527283
9,70899972;-20,16793633
9,70999972;-21,28752327
9,71099972;-22,40711021
9,71199972;-22,40711021
9,71299972;-23,52669716
9,71399972;-24,64935684
9,71499972;-24,64935684
9,71599972;-25,76894569
9,71699972;-26,88853073
9,71799972;-26,88853073
9,71899972;-28,01119423
9,71999972;-28,01119423
9,72099972;-28,01119423
9,72199972;-29,13078117
9,72299972;-29,13078117
9,72399972;-29,13078117
9,72499972;-29,13078117
9,72599972;-29,13078117
9,72699972;-29,13078117
9,72799972;-29,13078117
9,72899972;-29,13078117
9,72999972;-29,13078117
9,73099972;-29,13078117
9,73199972;-29,13078117
9,73299972;-29,13078117
9,73399972;-29,13078117
9,73499972;-29,13078117
9,73599972;-29,13078117
9,73699972;-28,01119423
9,73799972;-28,01119423
9,73899972;-28,01119423
9,73999972;-28,01119423
9,74099972;-28,01119423
9,74199972;-26,88853073
9,74299972;-26,88853073
9,74399972;-25,76894569
9,74499972;-25,76894569
9,74599972;-25,76894569
9,74699972;-25,76894569
9,74799972;-25,76894569
9,74899972;-24,64935684
9,74999972;-24,64935684
9,75099972;-24,64935684
9,75199972;-24,64935684
9,75299972;-24,64935684
9,75399972;-23,52669716
9,75499972;-23,52669716
9,75599971;-23,52669716
9,75699971;-22,40711021
9,75799971;-21,28752327
9,75899971;-21,28752327
9,75999971;-20,16793633
9,76099971;-19,04527283
9,76199971;-19,04527283
9,76299971;-19,04527283
9,76399971;-17,92568779
9,76499971;-16,80610085
9,76599971;-15,68343925
9,76699971;-14,56385231
9,76799971;-14,56385231
9,76899971;-13,44426537
9,76999971;-13,44426537
9,77099971;-12,32467842
9,77199971;-11,20201683
9,77299971;-10,08243084
9,77399971;-8,96284389
9,77499971;-7,84018135
9,77599971;-6,72059488
9,77699971;-5,60100842
9,77799971;-5,60100842
9,77899971;-3,35875964
9,77999971;-2,23917317
9,78099971;-1,11958659
9,78199971;0,00000000
9,78299971;1,11958659
9,78399971;1,11958659
9,78499971;3,35875964
9,78599971;4,48142195
9,78699971;5,60100842
9,78799971;6,72059488
9,78899971;7,84018135
9,78999971;8,96284389
9,79099971;10,08243084
9,79199971;11,20201683
9,79299971;12,32467842
9,79399971;13,44426537
9,79499971;14,56385231
9,79599971;15,68343925
9,79699971;15,68343925
9,79799971;16,80610085
9,79899971;19,04527283
9,79999971;19,04527283
9,80099971;20,16793633
9,80199971;21,28752327
9,80299971;22,40711021
9,80399971;22,40711021
9,80499971;23,52669716
9,80599971;24,64935684
9,80699971;25,76894569
9,80799971;25,76894569
9,80899971;26,88853073
9,80999971;26,88853073
9,81099971;28,01119423
9,81199971;28,01119423
9,81299971;29,13078117
9,81399971;30,25036621
9,81499971;30,25036621
9,81599971;30,25036621
9,81699971;30,25036621
9,81799971;30,25036621
9,81899971;31,36995316
9,81999971;30,25036621
9,82099971;31,36995316
9,82199971;31,36995316
9,82299971;31,36995316
9,82399971;31,36995316
9,82499971;31,36995316
9,82599971;31,36995316
9,82699971;31,36995316
9,82799971;31,36995316
9,82899971;30,25036621
9,82999971;30,25036621
9,83099971;30,25036621
9,83199971;29,13078117
9,83299971;29,13078117
9,83399971;29,13078117
9,83499971;29,13078117
9,83599971;29,13078117
9,83699971;28,01119423
9,83799971;28,01119423
9,83899971;26,88853073
9,83999971;26,88853073
9,84099971;26,88853073
9,84199971;25,76894569
9,84299971;24,64935684
9,84399971;23,52669716
9,84499971;23,52669716
9,84599971;22,40711021
9,84699971;22,40711021
9,84799971;21,28752327
9,84899971;20,16793633
9,84999971;19,04527283
9,85099971;19,04527283
9,85199971;17,92568779
9,85299971;16,80610085
9,85399971;16,80610085
9,85499971;15,68343925
9,85599971;14,56385231
9,85699971;13,44426537
9,85799971;12,32467842
9,85899971;11,20201683
9,85999971;10,08243084
9,86099971;8,96284389
9,86199971;7,84018135
9,86299971;7,84018135
9,86399971;5,60100842
9,86499971;4,48142195
9,86599971;3,35875964
9,86699971;3,35875964
9,86799971;1,11958659
9,86899971;0,00000000
9,86999971;-1,11958659
9,87099971;-2,23917317
9,87199971;-3,35875964
9,87299971;-4,48142195
9,87399971;-5,60100842
9,87499971;-6,72059488
9,87599971;-7,84018135
9,87699971;-8,96284389
9,87799971;-10,08243084
9,87899971;-11,20201683
9,87999971;-12,32467842
9,88099971;-13,44426537
9,88199971;-14,56385231
9,88299971;-15,68343925
9,88399971;-16,80610085
9,88499971;-17,92568779
9,88599971;-19,04527283
9,88699971;-20,16793633
9,88799971;-21,28752327
9,88899971;-22,40711021
9,88999971;-23,52669716
9,89099971;-23,52669716
9,89199971;-24,64935684
9,89299971;-25,76894569
9,89399971;-25,76894569
9,89499971;-26,88853073
9,89599971;-26,88853073
9,89699971;-28,01119423
9,89799971;-28,01119423
9,89899971;-28,01119423
9,89999971;-28,01119423
9,90099971;-29,13078117
9,90199971;-29,13078117
9,90299971;-30,25036621
9,90399971;-29,13078117
9,90499971;-29,13078117
9,90599971;-30,25036621
9,90699971;-30,25036621
9,90799971;-30,25036621
9,90899971;-29,13078117
9,90999971;-29,13078117
9,91099971;-29,13078117
9,91199971;-29,13078117
9,91299971;-29,13078117
9,91399971;-29,13078117
9,91499971;-28,01119423
9,91599971;-28,01119423
9,91699971;-28,01119423
9,91799971;-28,01119423
9,91899971;-28,01119423
9,91999971;-26,88853073
9,92099971;-26,88853073
9,92199971;-26,88853073
9,92299971;-25,76894569
9,92399971;-25,76894569
9,92499971;-25,76894569
9,92599971;-25,76894569
9,92699971;-25,76894569
9,92799971;-24,64935684
9,92899971;-24,64935684
9,92999971;-24,64935684
9,93099971;-23,52669716
9,93199971;-23,52669716
9,93299971;-23,52669716
9,93399971;-23,52669716
9,93499971;-22,40711021
9,93599971;-21,28752327
9,93699971;-20,16793633
9,93799971;-20,16793633
9,93899971;-20,16793633
9,93999971;-19,04527283
9,94099971;-17,92568779
9,94199971;-17,92568779
9,94299971;-16,80610085
9,94399971;-15,68343925
9,94499971;-15,68343925
9,94599971;-14,56385231
9,94699971;-13,44426537
9,94799971;-12,32467842
9,94899971;-12,32467842
9,94999971;-11,20201683
9,95099971;-10,08243084
9,95199971;-8,96284389
9,95299971;-7,84018135
9,95399971;-6,72059488
9,95499971;-5,60100842
9,95599971;-4,48142195
9,95699971;-3,35875964
9,95799971;-2,23917317
9,95899971;-1,11958659
9,95999971;-1,11958659
9,96099971;1,11958659
9,96199971;2,23917317
9,96299971;3,35875964
9,96399971;4,48142195
9,96499971;5,60100842
9,96599971;6,72059488
9,96699971;7,84018135
9,96799971;8,96284389
9,96899971;10,08243084
9,96999971;11,20201683
9,97099971;12,32467842
9,97199971;13,44426537
9,97299971;14,56385231
9,97399971;15,68343925
9,97499971;16,80610085
9,97599971;17,92568779
9,97699971;19,04527283
9,97799971;19,04527283
9,97899971;20,16793633
9,97999971;21,28752327
9,98099971;22,40711021
9,98199971;22,40711021
9,98299971;23,52669716
9,98399971;24,64935684
9,98499971;25,76894569
9,98599971;25,76894569
9,98699971;26,88853073
9,98799971;26,88853073
9,98899971;28,01119423
9,98999971;29,13078117
9,99099971;29,13078117
9,99199971;29,13078117
9,99299971;29,13078117
9,99399971;30,25036621
9,99499971;30,25036621
9,99599971;30,25036621
9,99699971;30,25036621
9,99799971;31,36995316
9,99899971;31,36995316
9,99999971;31,36995316
10,00099971;31,36995316
