Frequency;Channel A
(MHz);(dBu)

0,00000000;-15,27622128
0,03051758;-15,64701271
0,06103516;-20,86066246
0,09155273;-30,74559784
0,12207031;-49,96089554
0,15258789;-65,97032166
0,18310547;-76,29389191
0,21362305;-66,21130371
0,24414062;-60,27470398
0,27465820;-59,57481766
0,30517578;-67,79570007
0,33569336;-71,30596924
0,36621094;-66,02250671
0,39672852;-65,54525757
0,42724609;-65,91088104
0,45776367;-65,71410370
0,48828125;-68,85621643
0,51879883;-72,84169769
0,54931641;-67,61067200
0,57983398;-65,53934479
0,61035156;-66,63647461
0,64086914;-69,46044922
0,67138672;-67,06431580
0,70190430;-64,59515381
0,73242188;-62,81048584
0,76293945;-62,32091522
0,79345703;-64,68487549
0,82397461;-71,06502533
0,85449219;-71,70202637
0,88500977;-63,42721939
0,91552734;-59,67365265
0,94604492;-60,45777130
0,97656250;-67,14325714
1,00708008;-77,53089142
1,03759766;-70,63957214
1,06811523;-69,77903748
1,09863281;-66,58122253
1,12915039;-65,15827942
1,15966797;-66,17533112
1,19018555;-68,02780914
1,22070312;-68,03941345
1,25122070;-69,61280823
1,28173828;-69,83456421
1,31225586;-63,94495010
1,34277344;-61,91532516
1,37329102;-63,41781616
1,40380859;-68,67771912
1,43432617;-73,02368927
1,46484375;-66,41338348
1,49536133;-65,82078552
1,52587891;-70,35159302
1,55639648;-74,91296387
1,58691406;-75,00016785
1,61743164;-68,12788391
1,64794922;-62,06615829
1,67846680;-59,28855896
1,70898438;-58,94438171
1,73950195;-60,86704254
1,77001953;-65,85466003
1,80053711;-74,29531860
1,83105469;-66,00376892
1,86157227;-62,47880936
1,89208984;-62,21520996
1,92260742;-63,34654999
1,95312500;-64,09921265
1,98364258;-64,06636810
2,01416016;-63,86680222
2,04467773;-63,85925293
2,07519531;-63,47987366
2,10571289;-61,63598633
2,13623047;-61,77932739
2,16674805;-65,62281036
2,19726562;-67,09216309
2,22778320;-66,07422638
2,25830078;-67,30795288
2,28881836;-65,39717102
2,31933594;-63,41621780
2,34985352;-64,17456055
2,38037109;-66,84970093
2,41088867;-70,31964874
2,44140625;-71,93881226
2,47192383;-71,44873810
2,50244141;-73,93186951
2,53295898;-73,28739929
2,56347656;-68,64780426
2,59399414;-67,65410614
2,62451172;-69,00141907
2,65502930;-70,80979156
2,68554688;-70,70153809
2,71606445;-67,58189392
2,74658203;-66,07337189
2,77709961;-66,61199951
2,80761719;-64,40029907
2,83813477;-62,65190125
2,86865234;-64,72801971
2,89916992;-74,13221741
2,92968750;-71,24044800
2,96020508;-65,24998474
2,99072266;-65,31414795
3,02124023;-67,81755829
3,05175781;-63,36616135
3,08227539;-59,84272766
3,11279297;-58,67089081
3,14331055;-57,94303894
3,17382812;-57,12332153
3,20434570;-57,02502441
3,23486328;-57,94824600
3,26538086;-59,82778549
3,29589844;-62,15129089
3,32641602;-64,23066711
3,35693359;-66,81838989
3,38745117;-68,98295593
3,41796875;-69,22044373
3,44848633;-68,02888489
3,47900391;-69,39413452
3,50952148;-72,71440125
3,54003906;-67,84569550
3,57055664;-67,21510315
3,60107422;-75,78777313
3,63159180;-76,12086487
3,66210938;-70,54531860
3,69262695;-67,03649902
3,72314453;-64,93832397
3,75366211;-67,01681519
3,78417969;-73,62520599
3,81469727;-69,19709015
3,84521484;-64,72243500
3,87573242;-62,18582916
3,90625000;-59,12556076
3,93676758;-56,74134827
3,96728516;-56,31695175
3,99780273;-56,06808472
4,02832031;-55,94114304
4,05883789;-57,00670624
4,08935547;-58,13417053
4,11987305;-60,65643692
4,15039062;-64,53727722
4,18090820;-73,10643005
4,21142578;-69,50018311
4,24194336;-65,78354645
4,27246094;-64,84130096
4,30297852;-67,33765411
4,33349609;-76,17462158
4,36401367;-65,65665436
4,39453125;-65,92596436
4,42504883;-68,55077362
4,45556641;-65,67586517
4,48608398;-66,80016327
4,51660156;-62,88438416
4,54711914;-63,17454529
4,57763672;-58,07695770
4,60815430;-63,66377258
4,63867188;-62,21065140
4,66918945;-55,54912186
4,69970703;-58,20561981
4,73022461;-49,86108780
4,76074219;-50,00775909
4,79125977;-57,48304749
4,82177734;-45,92790604
4,85229492;-50,36960602
4,88281250;-14,60399055
4,91333008;-0,03464437
4,94384766;8,11313534
4,97436523;12,13652039
5,00488281;12,75333214
5,03540039;10,05755806
5,06591797;3,60831141
5,09643555;-8,05307961
5,12695312;-30,80662727
5,15747070;-52,98816681
5,18798828;-53,12080002
5,21850586;-45,31616211
5,24902344;-62,55526733
5,27954102;-53,62049103
5,31005859;-54,94351196
5,34057617;-60,50008392
5,37109375;-55,02282715
5,40161133;-60,88350677
5,43212891;-64,35441589
5,46264648;-57,78014374
5,49316406;-64,56587982
5,52368164;-67,83470917
5,55419922;-69,64061737
5,58471680;-67,63671112
5,61523438;-64,47470093
5,64575195;-80,01021576
5,67626953;-70,02172089
5,70678711;-68,24736786
5,73730469;-68,15062714
5,76782227;-65,72106171
5,79833984;-66,84997559
5,82885742;-66,36090088
5,85937500;-63,16585159
5,88989258;-62,01927185
5,92041016;-60,00591660
5,95092773;-60,97019958
5,98144531;-64,45279694
6,01196289;-65,12955475
6,04248047;-67,15361786
6,07299805;-73,58191681
6,10351562;-86,60633850
6,13403320;-88,41882324
6,16455078;-68,99008942
6,19506836;-62,36924744
6,22558594;-60,48780441
6,25610352;-63,06893921
6,28662109;-75,89767456
6,31713867;-71,20462036
6,34765625;-67,73430634
6,37817383;-68,96670532
6,40869141;-74,84947968
6,43920898;-71,04531097
6,46972656;-65,61603546
6,50024414;-62,72634125
6,53076172;-61,86981964
6,56127930;-62,31248856
6,59179688;-63,86950684
6,62231445;-67,66595459
6,65283203;-73,32452393
6,68334961;-69,30967712
6,71386719;-64,56467438
6,74438477;-65,03490448
6,77490234;-73,66967773
6,80541992;-67,53526306
6,83593750;-60,75785065
6,86645508;-58,80747986
6,89697266;-59,77124023
6,92749023;-63,25512314
6,95800781;-69,94792175
6,98852539;-71,53382111
7,01904297;-64,79356384
7,04956055;-62,22343063
7,08007812;-61,89864731
7,11059570;-61,83948517
7,14111328;-61,40682220
7,17163086;-62,07563019
7,20214844;-65,23193359
7,23266602;-73,78988647
7,26318359;-79,48781586
7,29370117;-71,32898712
7,32421875;-70,25594330
7,35473633;-70,23729706
7,38525391;-69,01816559
7,41577148;-67,86858368
7,44628906;-68,64733887
7,47680664;-70,57446289
7,50732422;-70,46625519
7,53784180;-69,40785980
7,56835938;-69,99359131
7,59887695;-73,13768005
7,62939453;-83,15278625
7,65991211;-80,54732513
7,69042969;-73,10115814
7,72094727;-69,33319855
7,75146484;-66,54677582
7,78198242;-65,67201233
7,81250000;-67,05854797
7,84301758;-68,24932861
7,87353516;-66,40321350
7,90405273;-65,07904816
7,93457031;-64,46717834
7,96508789;-64,51858521
7,99560547;-66,56761169
8,02612305;-72,88741302
8,05664062;-76,01288605
8,08715820;-67,50019836
8,11767578;-64,48562622
8,14819336;-64,51430511
8,17871094;-68,23301697
8,20922852;-82,31772614
8,23974609;-70,77804565
8,27026367;-67,60971069
8,30078125;-69,31591797
8,33129883;-70,27611542
8,36181641;-65,99665833
8,39233398;-64,08993530
8,42285156;-64,94757843
8,45336914;-67,39454651
8,48388672;-68,52577209
8,51440430;-68,05750275
8,54492188;-66,68576813
8,57543945;-65,38163757
8,60595703;-65,86681366
8,63647461;-69,07023621
8,66699219;-72,73297119
8,69750977;-71,34253693
8,72802734;-69,43344879
8,75854492;-66,21339417
8,78906250;-65,70599365
8,81958008;-71,80180359
8,85009766;-72,76429749
8,88061523;-63,07798767
8,91113281;-60,79377747
8,94165039;-61,90196609
8,97216797;-64,46709442
9,00268555;-64,17066193
9,03320312;-62,66064453
9,06372070;-62,69790649
9,09423828;-64,93549347
9,12475586;-71,18856049
9,15527344;-69,38160706
9,18579102;-66,10348511
9,21630859;-68,47471619
9,24682617;-70,06964111
9,27734375;-68,78266907
9,30786133;-72,20780182
9,33837891;-75,75836945
9,36889648;-67,72069550
9,39941406;-65,61003876
9,42993164;-66,01753998
9,46044922;-67,35470581
9,49096680;-68,25260162
9,52148438;-68,79527283
9,55200195;-71,89627075
9,58251953;-71,30960846
9,61303711;-65,60255432
9,64355469;-65,38061523
9,67407227;-64,85753632
9,70458984;-64,90637207
9,73510742;-66,76875305
9,76562500;-72,57109833
9,79614258;-61,42418671
9,82666016;-59,86915970
9,85717773;-53,93447113
9,88769531;-33,28549957
9,91821289;-21,31560516
9,94873047;-14,59727097
9,97924805;-11,67404366
10,00976562;-12,07373619
10,04028320;-15,86186600
10,07080078;-23,72158432
10,10131836;-37,96562958
10,13183594;-76,12853241
10,16235352;-78,92691803
10,19287109;-74,64351654
10,22338867;-79,90972900
10,25390625;-64,12022400
10,28442383;-61,81400681
10,31494141;-59,20086670
10,34545898;-56,79058456
10,37597656;-56,23466873
10,40649414;-57,39818192
10,43701172;-60,46045303
10,46752930;-67,91462708
10,49804688;-77,66609192
10,52856445;-67,38265991
10,55908203;-65,07386017
10,58959961;-65,81744385
10,62011719;-69,05209351
10,65063477;-73,17055511
10,68115234;-75,13644409
10,71166992;-72,67654419
10,74218750;-69,57434082
10,77270508;-67,59188843
10,80322266;-66,75414276
10,83374023;-65,86281586
10,86425781;-64,35141754
10,89477539;-63,57118607
10,92529297;-64,11278534
10,95581055;-64,43499756
10,98632812;-64,09670258
11,01684570;-64,54261017
11,04736328;-66,94380951
11,07788086;-71,88262177
11,10839844;-72,24645996
11,13891602;-69,44517517
11,16943359;-66,58666992
11,19995117;-63,65289307
11,23046875;-61,75860596
11,26098633;-60,86805344
11,29150391;-60,33226395
11,32202148;-60,63508987
11,35253906;-63,36092377
11,38305664;-69,79447174
11,41357422;-73,42826080
11,44409180;-73,21504211
11,47460938;-68,13531494
11,50512695;-65,68264008
11,53564453;-70,08992004
11,56616211;-76,36628723
11,59667969;-64,25841522
11,62719727;-60,83791351
11,65771484;-59,77085114
11,68823242;-60,11333466
11,71875000;-61,92657471
11,74926758;-65,72461700
11,77978516;-70,21042633
11,81030273;-71,06681061
11,84082031;-75,03579712
11,87133789;-96,53227997
11,90185547;-73,32376099
11,93237305;-68,41154480
11,96289062;-68,13748169
11,99340820;-69,85148621
12,02392578;-68,24009705
12,05444336;-66,75278473
12,08496094;-66,43238068
12,11547852;-65,57592773
12,14599609;-63,47545624
12,17651367;-60,85304260
12,20703125;-59,24940109
12,23754883;-59,75778961
12,26806641;-63,17458344
12,29858398;-70,54523468
12,32910156;-73,26168060
12,35961914;-70,73825073
12,39013672;-70,85470581
12,42065430;-73,73525238
12,45117188;-84,02246094
12,48168945;-76,44620514
12,51220703;-69,23258972
12,54272461;-65,07279968
12,57324219;-63,91281509
12,60375977;-66,66069794
12,63427734;-72,80559540
12,66479492;-70,87614441
12,69531250;-75,69882965
12,72583008;-70,01074219
12,75634766;-63,41897583
12,78686523;-62,43187714
12,81738281;-64,31159973
12,84790039;-66,38162231
12,87841797;-67,36071777
12,90893555;-68,07626343
12,93945312;-69,01225281
12,96997070;-72,85111237
13,00048828;-80,54689026
13,03100586;-72,32871246
13,06152344;-70,91057587
13,09204102;-74,12329102
13,12255859;-78,15169525
13,15307617;-85,47560883
13,18359375;-76,65361786
13,21411133;-71,04873657
13,24462891;-69,76515198
13,27514648;-68,63758087
13,30566406;-64,57418823
13,33618164;-61,46434784
13,36669922;-61,00859833
13,39721680;-61,84090042
13,42773438;-61,43485260
13,45825195;-62,07146454
13,48876953;-64,51712036
13,51928711;-64,03402710
13,54980469;-64,12158203
13,58032227;-68,14243317
13,61083984;-75,23957062
13,64135742;-83,65161896
13,67187500;-76,28466797
13,70239258;-67,04403687
13,73291016;-62,57895660
13,76342773;-60,96273422
13,79394531;-62,02537537
13,82446289;-65,81306458
13,85498047;-70,95544434
13,88549805;-73,63624573
13,91601562;-69,76915741
13,94653320;-66,89715576
13,97705078;-69,20190430
14,00756836;-77,77665710
14,03808594;-65,42570496
14,06860352;-62,74254608
14,09912109;-62,37696838
14,12963867;-60,86686707
14,16015625;-60,68226624
14,19067383;-61,95402527
14,22119141;-63,55081177
14,25170898;-64,74754333
14,28222656;-64,49910736
14,31274414;-64,00534821
14,34326172;-64,98931122
14,37377930;-70,44219208
14,40429688;-78,15788269
14,43481445;-67,70402527
14,46533203;-65,59381866
14,49584961;-64,39103699
14,52636719;-64,12552643
14,55688477;-64,75778198
14,58740234;-65,60741425
14,61791992;-68,14176941
14,64843750;-68,23966217
14,67895508;-65,91253662
14,70947266;-67,11667633
14,73999023;-74,70973969
14,77050781;-68,09319305
14,80102539;-62,88147354
14,83154297;-68,19429016
14,86206055;-46,73473358
14,89257812;-28,34187508
14,92309570;-18,20424080
14,95361328;-12,74521255
14,98413086;-10,87326431
15,01464844;-12,29555893
15,04516602;-17,23310852
15,07568359;-26,63384438
15,10620117;-43,56758499
15,13671875;-66,40128326
15,16723633;-68,84350586
15,19775391;-72,04749298
15,22827148;-79,93644714
15,25878906;-66,60498047
15,28930664;-67,47637939
15,31982422;-66,29965210
15,35034180;-63,99507141
15,38085938;-67,14284515
15,41137695;-69,45487976
15,44189453;-71,23712158
15,47241211;-74,67921448
15,50292969;-71,28070068
15,53344727;-67,62023163
15,56396484;-66,35588837
15,59448242;-68,29909515
15,62500000;-72,73849487
15,65551758;-67,36425781
15,68603516;-66,05392456
15,71655273;-66,74755859
15,74707031;-66,16548157
15,77758789;-64,71520233
15,80810547;-62,55687714
15,83862305;-59,83829498
15,86914062;-57,79101562
15,89965820;-57,69751740
15,93017578;-61,11090088
15,96069336;-73,61410522
15,99121094;-65,39240265
16,02172852;-63,67429352
16,05224609;-69,52597046
16,08276367;-76,98891449
16,11328125;-69,37148285
16,14379883;-68,21602631
16,17431641;-68,47424316
16,20483398;-69,21047974
16,23535156;-71,50215149
16,26586914;-77,61646271
16,29638672;-78,35326385
16,32690430;-70,17707062
16,35742188;-67,98066711
16,38793945;-69,44989014
16,41845703;-70,54501343
16,44897461;-65,99720764
16,47949219;-61,89255524
16,51000977;-60,77203751
16,54052734;-62,30757141
16,57104492;-64,39165497
16,60156250;-63,97652054
16,63208008;-63,30885315
16,66259766;-64,05370331
16,69311523;-66,63388824
16,72363281;-71,34838867
16,75415039;-75,57685089
16,78466797;-72,71445465
16,81518555;-67,38810730
16,84570312;-63,98693466
16,87622070;-62,48519516
16,90673828;-62,18080139
16,93725586;-62,44891357
16,96777344;-63,30129242
16,99829102;-65,59945679
17,02880859;-69,94423676
17,05932617;-69,00068665
17,08984375;-64,08021545
17,12036133;-61,62507629
17,15087891;-61,34916306
17,18139648;-62,50691223
17,21191406;-63,61804199
17,24243164;-63,47084045
17,27294922;-62,41699982
17,30346680;-61,52740097
17,33398438;-61,34162521
17,36450195;-61,07954407
17,39501953;-60,33634186
17,42553711;-60,70947647
17,45605469;-63,03268051
17,48657227;-65,72773743
17,51708984;-69,47823334
17,54760742;-73,88246155
17,57812500;-67,02227020
17,60864258;-65,84071350
17,63916016;-67,64319611
17,66967773;-68,90237427
17,70019531;-70,46847534
17,73071289;-72,38267517
17,76123047;-71,22725677
17,79174805;-71,89580536
17,82226562;-73,92103577
17,85278320;-70,61393738
17,88330078;-67,97014618
17,91381836;-65,50206757
17,94433594;-64,69432068
17,97485352;-68,46498108
18,00537109;-82,68621826
18,03588867;-65,10493469
18,06640625;-62,18172073
18,09692383;-64,65850830
18,12744141;-68,50693512
18,15795898;-62,41732025
18,18847656;-60,59692764
18,21899414;-62,15867996
18,24951172;-66,09791565
18,28002930;-74,21549988
18,31054688;-77,78072357
18,34106445;-68,59332275
18,37158203;-65,52562714
18,40209961;-65,39640808
18,43261719;-69,48950195
18,46313477;-85,66287994
18,49365234;-68,89193726
18,52416992;-65,27667236
18,55468750;-63,59976196
18,58520508;-62,80615234
18,61572266;-64,32535553
18,64624023;-69,63904572
18,67675781;-70,15776062
18,70727539;-65,47806549
18,73779297;-63,50955200
18,76831055;-62,34552002
18,79882812;-62,52116776
18,82934570;-65,50889587
18,85986328;-69,13373566
18,89038086;-66,21186829
18,92089844;-63,96037674
18,95141602;-62,95175552
18,98193359;-62,75627518
19,01245117;-63,75474930
19,04296875;-66,72384644
19,07348633;-71,55503082
19,10400391;-69,34563446
19,13452148;-63,76086426
19,16503906;-59,61194992
19,19555664;-57,82716370
19,22607422;-58,48754120
19,25659180;-60,99161530
19,28710938;-63,57675934
19,31762695;-65,04513550
19,34814453;-66,09199524
19,37866211;-64,88449097
19,40917969;-62,27326202
19,43969727;-61,87408066
19,47021484;-64,00885773
19,50073242;-65,56560516
19,53125000;-66,67382812
19,56176758;-70,31075287
19,59228516;-69,00579834
19,62280273;-66,73277283
19,65332031;-66,47145081
19,68383789;-65,39804077
19,71435547;-63,03304672
19,74487305;-60,91478729
19,77539062;-59,73022461
19,80590820;-60,34333801
19,83642578;-63,01124573
19,86694336;-57,37717056
19,89746094;-45,89329529
19,92797852;-37,90567017
19,95849609;-33,73937607
19,98901367;-32,93635941
20,01953125;-35,42796707
20,05004883;-41,63230896
20,08056641;-52,51158142
20,11108398;-60,94686127
20,14160156;-64,74582672
20,17211914;-72,28350830
20,20263672;-64,15795135
20,23315430;-62,54699326
20,26367188;-64,66685486
20,29418945;-68,69754791
20,32470703;-72,29208374
20,35522461;-67,91291809
20,38574219;-64,83114624
20,41625977;-64,11342621
20,44677734;-63,84207916
20,47729492;-63,65742493
20,50781250;-64,33605957
20,53833008;-65,91199493
20,56884766;-68,34623718
20,59936523;-71,08877563
20,62988281;-70,31378937
20,66040039;-67,69216919
20,69091797;-67,07489777
20,72143555;-69,03005981
20,75195312;-71,99494171
20,78247070;-70,90885925
20,81298828;-65,42709351
20,84350586;-60,31855774
20,87402344;-57,14565659
20,90454102;-56,28971481
20,93505859;-58,01247406
20,96557617;-61,95085526
20,99609375;-63,96667480
21,02661133;-63,09096527
21,05712891;-63,09323883
21,08764648;-65,66822815
21,11816406;-73,30734253
21,14868164;-68,40832520
21,17919922;-65,33657837
21,20971680;-67,76918793
21,24023438;-71,54098511
21,27075195;-65,10156250
21,30126953;-61,85264206
21,33178711;-61,14612198
21,36230469;-62,20895386
21,39282227;-64,18350983
21,42333984;-64,48252869
21,45385742;-64,12965393
21,48437500;-65,96611023
21,51489258;-70,58592224
21,54541016;-74,13191223
21,57592773;-74,03181458
21,60644531;-72,05967712
21,63696289;-69,07884979
21,66748047;-67,44332886
21,69799805;-67,53141785
21,72851562;-67,84242249
21,75903320;-66,36752319
21,78955078;-65,33669281
21,82006836;-67,24355316
21,85058594;-76,32685089
21,88110352;-77,03028107
21,91162109;-72,75407410
21,94213867;-66,61637878
21,97265625;-62,80116272
22,00317383;-62,50144958
22,03369141;-63,82348633
22,06420898;-65,71627045
22,09472656;-68,63796997
22,12524414;-70,38603210
22,15576172;-75,23925781
22,18627930;-76,48249817
22,21679688;-66,36644745
22,24731445;-63,77706909
22,27783203;-63,89165878
22,30834961;-64,94194794
22,33886719;-66,57175446
22,36938477;-69,81069946
22,39990234;-75,61128998
22,43041992;-80,04115295
22,46093750;-72,26511383
22,49145508;-66,14724731
22,52197266;-62,63601303
22,55249023;-61,35377502
22,58300781;-62,19326782
22,61352539;-64,93434906
22,64404297;-68,45352936
22,67456055;-70,23977661
22,70507812;-71,20079041
22,73559570;-70,02587128
22,76611328;-67,56108093
22,79663086;-69,60951996
22,82714844;-85,14049530
22,85766602;-74,84998322
22,88818359;-73,78770447
22,91870117;-75,62352753
22,94921875;-67,98394012
22,97973633;-65,01232147
23,01025391;-65,65091705
23,04077148;-66,60771179
23,07128906;-65,84915924
23,10180664;-67,09016418
23,13232422;-70,59274292
23,16284180;-71,31573486
23,19335938;-70,80127716
23,22387695;-72,62023926
23,25439453;-73,79913330
23,28491211;-70,84243011
23,31542969;-67,13143158
23,34594727;-66,05252075
23,37646484;-71,38800812
23,40698242;-72,50457001
23,43750000;-62,63181305
23,46801758;-60,42425156
23,49853516;-61,60642242
23,52905273;-64,64169312
23,55957031;-67,07785034
23,59008789;-66,93915558
23,62060547;-66,90341949
23,65112305;-70,30197906
23,68164062;-72,85462189
23,71215820;-67,79640961
23,74267578;-64,79264069
23,77319336;-63,20966339
23,80371094;-62,45898819
23,83422852;-61,83064270
23,86474609;-61,21339798
23,89526367;-61,15850449
23,92578125;-62,05814362
23,95629883;-63,08988190
23,98681641;-62,25880432
24,01733398;-60,72410583
24,04785156;-60,59896469
24,07836914;-63,35889816
24,10888672;-72,61262512
24,13940430;-70,42212677
24,16992188;-66,47013855
24,20043945;-69,87053680
24,23095703;-93,05352020
24,26147461;-71,46987915
24,29199219;-70,40237427
24,32250977;-67,63427734
24,35302734;-64,47339630
24,38354492;-65,13159180
24,41406250;-69,50653076
24,44458008;-71,73387146
24,47509766;-68,75659180
24,50561523;-68,74905396
24,53613281;-74,44206238
24,56665039;-87,68830109
24,59716797;-74,50843048
24,62768555;-71,12074280
24,65820312;-68,23496246
24,68872070;-65,37753296
24,71923828;-63,81297302
24,74975586;-64,94358826
24,78027344;-70,58134460
24,81079102;-82,37413025
24,84130859;-77,22001648
24,87182617;-58,38805771
24,90234375;-44,49655914
24,93286133;-37,20376587
24,96337891;-33,94998169
24,99389648;-34,08728790
25,02441406;-37,64207458
25,05493164;-45,43785858
25,08544922;-62,38266754
25,11596680;-62,50291443
25,14648438;-61,18195343
25,17700195;-62,16203308
25,20751953;-65,44876099
25,23803711;-70,61631775
25,26855469;-68,62670135
25,29907227;-67,28738403
25,32958984;-66,64587402
25,36010742;-64,94117737
25,39062500;-65,38342285
25,42114258;-71,37948608
25,45166016;-79,40413666
25,48217773;-73,35794067
25,51269531;-82,99869537
25,54321289;-65,63764954
25,57373047;-60,75460434
25,60424805;-59,48656464
25,63476562;-59,84706116
25,66528320;-60,87465286
25,69580078;-62,79466248
25,72631836;-65,70622253
25,75683594;-67,94367218
25,78735352;-69,67540741
25,81787109;-69,90326691
25,84838867;-65,63550568
25,87890625;-61,69723129
25,90942383;-60,92586136
25,93994141;-63,38613892
25,97045898;-68,46472931
26,00097656;-75,01885223
26,03149414;-73,48854828
26,06201172;-71,65793610
26,09252930;-70,18676758
26,12304688;-67,30538940
26,15356445;-64,51225281
26,18408203;-62,21045685
26,21459961;-61,47079086
26,24511719;-62,67856598
26,27563477;-63,14460373
26,30615234;-61,88487244
26,33666992;-62,47777939
26,36718750;-66,37958527
26,39770508;-69,20981598
26,42822266;-65,30393982
26,45874023;-63,85366821
26,48925781;-65,31620789
26,51977539;-70,83759308
26,55029297;-67,66574097
26,58081055;-62,76733780
26,61132812;-61,87099457
26,64184570;-63,23540115
26,67236328;-65,13274384
26,70288086;-66,09347534
26,73339844;-67,02196503
26,76391602;-69,58761597
26,79443359;-73,08926392
26,82495117;-70,24047089
26,85546875;-68,38557434
26,88598633;-68,74848175
26,91650391;-68,63484192
26,94702148;-67,29039001
26,97753906;-66,22027588
27,00805664;-66,89880371
27,03857422;-69,64920044
27,06909180;-67,41455078
27,09960938;-63,35212708
27,13012695;-61,91202545
27,16064453;-63,46784973
27,19116211;-68,51957703
27,22167969;-68,53167725
27,25219727;-68,53392792
27,28271484;-77,18469238
27,31323242;-71,06452942
27,34375000;-72,51600647
27,37426758;-81,85494232
27,40478516;-68,83826447
27,43530273;-66,70646667
27,46582031;-66,86428070
27,49633789;-66,53342438
27,52685547;-64,87344360
27,55737305;-63,59725571
27,58789062;-63,97712326
27,61840820;-62,48301697
27,64892578;-60,06842041
27,67944336;-59,57934570
27,70996094;-60,46478653
27,74047852;-61,74752045
27,77099609;-63,58344269
27,80151367;-67,89577484
27,83203125;-79,12555695
27,86254883;-67,68086243
27,89306641;-63,65896606
27,92358398;-63,40630341
27,95410156;-66,22067261
27,98461914;-73,92730713
28,01513672;-75,50920105
28,04565430;-75,88056946
28,07617188;-71,96258545
28,10668945;-64,82853699
28,13720703;-62,92399979
28,16772461;-63,95156097
28,19824219;-66,36048126
28,22875977;-67,38518524
28,25927734;-66,60627747
28,28979492;-67,38612366
28,32031250;-71,62741089
28,35083008;-71,34573364
28,38134766;-65,41260529
28,41186523;-62,29644775
28,44238281;-60,83356857
28,47290039;-60,50856018
28,50341797;-61,61232376
28,53393555;-64,23897552
28,56445312;-68,03417206
28,59497070;-71,21592712
28,62548828;-68,30339050
28,65600586;-65,76850891
28,68652344;-64,90725708
28,71704102;-65,86077881
28,74755859;-70,64057922
28,77807617;-70,41106415
28,80859375;-66,27277374
28,83911133;-69,57106781
28,86962891;-75,31105804
28,90014648;-67,00794220
28,93066406;-65,49285126
28,96118164;-65,28916168
28,99169922;-64,39925385
29,02221680;-63,30691528
29,05273438;-63,08132553
29,08325195;-64,87973785
29,11376953;-68,90892029
29,14428711;-67,19363403
29,17480469;-63,42639542
29,20532227;-62,01392746
29,23583984;-60,97236633
29,26635742;-60,19150162
29,29687500;-60,91214752
29,32739258;-64,13974762
29,35791016;-71,94448090
29,38842773;-79,83644867
29,41894531;-69,42477417
29,44946289;-65,62351227
29,47998047;-64,13946533
29,51049805;-64,45084381
29,54101562;-66,18087006
29,57153320;-69,07588196
29,60205078;-72,53823090
29,63256836;-73,10799408
29,66308594;-69,01121521
29,69360352;-64,30747223
29,72412109;-61,26251221
29,75463867;-60,42108536
29,78515625;-61,27225494
29,81567383;-62,23094177
29,84619141;-62,97328949
29,87670898;-57,30485916
29,90722656;-48,09929657
29,93774414;-42,69173050
29,96826172;-40,84661102
29,99877930;-42,37497330
30,02929688;-47,61211777
30,05981445;-57,74279022
30,09033203;-66,22763824
30,12084961;-64,09629059
30,15136719;-63,36422348
30,18188477;-62,94552231
30,21240234;-63,80778503
30,24291992;-66,56367493
30,27343750;-71,32736206
30,30395508;-71,33010101
30,33447266;-66,00585175
30,36499023;-64,05220795
30,39550781;-65,15336609
30,42602539;-68,34250641
30,45654297;-68,03260040
30,48706055;-66,28668213
30,51757812;-68,01835632
30,54809570;-72,96067047
30,57861328;-70,39450073
30,60913086;-67,12133789
30,63964844;-64,14686584
30,67016602;-62,54732132
30,70068359;-64,24478149
30,73120117;-69,96093750
30,76171875;-72,52384949
30,79223633;-66,72894287
30,82275391;-62,18066788
30,85327148;-59,77284241
30,88378906;-59,35317612
30,91430664;-61,30427551
30,94482422;-66,69226074
30,97534180;-81,56990814
31,00585938;-70,81198120
31,03637695;-64,93211365
31,06689453;-61,07312775
31,09741211;-59,01398087
31,12792969;-59,75122833
31,15844727;-64,67671967
31,18896484;-81,01967621
31,21948242;-68,06748962
31,25000000;-65,42890167
31,28051758;-66,90493011
31,31103516;-70,01789856
31,34155273;-69,00707245
31,37207031;-68,19861603
31,40258789;-69,68399811
31,43310547;-67,64102936
31,46362305;-63,38520432
31,49414062;-61,11333847
31,52465820;-60,65458679
31,55517578;-61,40190506
31,58569336;-63,52309418
31,61621094;-67,90139771
31,64672852;-74,49323273
31,67724609;-85,70637512
31,70776367;-79,29183197
31,73828125;-70,16159058
31,76879883;-67,74171448
31,79931641;-72,88062286
31,82983398;-71,70884705
31,86035156;-66,02294159
31,89086914;-69,84656525
31,92138672;-73,46863556
31,95190430;-63,87068176
31,98242188;-63,18054581
32,01293945;-66,83907318
32,04345703;-69,23231506
32,07397461;-69,00233459
32,10449219;-69,13517761
32,13500977;-67,37334442
32,16552734;-67,41983032
32,19604492;-73,19175720
32,22656250;-73,40776825
32,25708008;-66,68188477
32,28759766;-69,26940155
32,31811523;-76,02062988
32,34863281;-64,87290192
32,37915039;-63,37892532
32,40966797;-65,28170776
32,44018555;-68,09429169
32,47070312;-67,79516602
32,50122070;-62,33186722
32,53173828;-59,09988022
32,56225586;-58,36481094
32,59277344;-59,42316055
32,62329102;-61,60816193
32,65380859;-63,80634689
32,68432617;-64,99875641
32,71484375;-66,21810913
32,74536133;-67,72407532
32,77587891;-66,21521759
32,80639648;-63,98755646
32,83691406;-64,19884491
32,86743164;-66,08277893
32,89794922;-64,09829712
32,92846680;-61,11633682
32,95898438;-61,22581482
32,98950195;-65,03073883
33,02001953;-65,15044403
33,05053711;-60,92375946
33,08105469;-59,81279755
33,11157227;-61,80196381
33,14208984;-68,26569366
33,17260742;-76,29797363
33,20312500;-68,35179901
33,23364258;-66,26306152
33,26416016;-66,31577301
33,29467773;-67,35333252
33,32519531;-67,51586151
33,35571289;-67,31146240
33,38623047;-68,39797974
33,41674805;-70,44080353
33,44726562;-72,93953705
33,47778320;-75,69164276
33,50830078;-74,03080750
33,53881836;-70,85684204
33,56933594;-69,01908112
33,59985352;-67,66069031
33,63037109;-66,52816010
33,66088867;-65,74949646
33,69140625;-65,00591278
33,72192383;-64,48035431
33,75244141;-63,79674911
33,78295898;-61,74498749
33,81347656;-59,21771240
33,84399414;-57,45003510
33,87451172;-57,25158310
33,90502930;-58,91521072
33,93554688;-61,94235992
33,96606445;-63,68278122
33,99658203;-60,41149139
34,02709961;-56,77278519
34,05761719;-55,31868362
34,08813477;-56,12805939
34,11865234;-58,61285782
34,14916992;-61,35415649
34,17968750;-63,33766937
34,21020508;-64,97732544
34,24072266;-67,77324677
34,27124023;-73,47811890
34,30175781;-67,43202972
34,33227539;-62,32421875
34,36279297;-61,37658691
34,39331055;-63,26324463
34,42382812;-62,89951324
34,45434570;-61,97959518
34,48486328;-65,54960632
34,51538086;-72,68087006
34,54589844;-66,30195618
34,57641602;-65,46230316
34,60693359;-70,30097961
34,63745117;-82,83184052
34,66796875;-73,98834229
34,69848633;-78,18058777
34,72900391;-71,22324371
34,75952148;-66,44024658
34,79003906;-66,51350403
34,82055664;-66,85996246
34,85107422;-62,43690872
34,88159180;-55,84321594
34,91210938;-50,30597687
34,94262695;-47,19062424
34,97314453;-46,92730713
35,00366211;-49,83185196
35,03417969;-56,55149841
35,06469727;-68,27164459
35,09521484;-80,64096069
35,12573242;-87,75168610
35,15625000;-73,82872009
35,18676758;-74,02640533
35,21728516;-68,78266144
35,24780273;-61,21136475
35,27832031;-58,79235840
35,30883789;-59,65835953
35,33935547;-62,20879364
35,36987305;-62,57912064
35,40039062;-61,25871277
35,43090820;-60,58674622
35,46142578;-60,58147049
35,49194336;-61,37304688
35,52246094;-63,55550385
35,55297852;-67,26445007
35,58349609;-68,91047668
35,61401367;-68,42095947
35,64453125;-68,14106750
35,67504883;-66,45994568
35,70556641;-64,24203491
35,73608398;-63,07389832
35,76660156;-64,04671478
35,79711914;-69,91312408
35,82763672;-73,25819397
35,85815430;-63,53110886
35,88867188;-61,98503876
35,91918945;-65,20312500
35,94970703;-74,13614655
35,98022461;-70,93342590
36,01074219;-68,52426910
36,04125977;-71,26488495
36,07177734;-73,26406860
36,10229492;-65,94325256
36,13281250;-62,11849213
36,16333008;-60,97543335
36,19384766;-62,21458054
36,22436523;-65,69866180
36,25488281;-67,37357330
36,28540039;-66,68685913
36,31591797;-66,51267242
36,34643555;-65,09143066
36,37695312;-65,43395233
36,40747070;-69,60662079
36,43798828;-70,36974335
36,46850586;-65,32805634
36,49902344;-63,40206528
36,52954102;-62,91451263
36,56005859;-61,62704849
36,59057617;-59,52809906
36,62109375;-58,61190796
36,65161133;-60,38802338
36,68212891;-65,49662781
36,71264648;-65,45411682
36,74316406;-62,72361374
36,77368164;-62,64797592
36,80419922;-63,90035629
36,83471680;-65,20217133
36,86523438;-65,13700867
36,89575195;-63,45103836
36,92626953;-61,71517944
36,95678711;-61,40325165
36,98730469;-63,47970963
37,01782227;-69,81125641
37,04833984;-77,09048462
37,07885742;-68,37291718
37,10937500;-65,32669067
37,13989258;-62,64318085
37,17041016;-60,78935623
37,20092773;-61,18874359
37,23144531;-63,92181396
37,26196289;-66,88179779
37,29248047;-65,36987305
37,32299805;-63,01946640
37,35351562;-63,30436707
37,38403320;-66,21407318
37,41455078;-70,22406769
37,44506836;-75,17510986
37,47558594;-85,65397644
37,50610352;-80,52201843
37,53662109;-71,07315826
37,56713867;-67,04472351
37,59765625;-67,04865265
37,62817383;-69,31580353
37,65869141;-67,03630066
37,68920898;-64,30996704
37,71972656;-63,00023651
37,75024414;-63,65601349
37,78076172;-67,76299286
37,81127930;-78,05033875
37,84179688;-75,32511902
37,87231445;-69,39316559
37,90283203;-66,06119537
37,93334961;-66,15400696
37,96386719;-72,48220825
37,99438477;-77,83073425
38,02490234;-68,84458923
38,05541992;-69,03559875
38,08593750;-77,41358185
38,11645508;-69,29365540
38,14697266;-61,92925262
38,17749023;-59,88685989
38,20800781;-61,61926270
38,23852539;-67,72545624
38,26904297;-85,21520996
38,29956055;-79,56162262
38,33007812;-75,36808014
38,36059570;-74,01673126
38,39111328;-73,47439575
38,42163086;-74,12202454
38,45214844;-77,22102356
38,48266602;-68,41529083
38,51318359;-64,30891418
38,54370117;-63,82690430
38,57421875;-65,34632111
38,60473633;-66,81925201
38,63525391;-64,94438934
38,66577148;-60,83214188
38,69628906;-58,10539627
38,72680664;-57,49859619
38,75732422;-59,45142746
38,78784180;-65,34513855
38,81835938;-67,07002258
38,84887695;-62,50994873
38,87939453;-62,42739868
38,90991211;-62,65669250
38,94042969;-60,09897232
38,97094727;-58,41543579
39,00146484;-58,10598755
39,03198242;-58,39907074
39,06250000;-58,86355972
39,09301758;-60,42846680
39,12353516;-64,89089966
39,15405273;-73,76354980
39,18457031;-76,08019257
39,21508789;-80,04649353
39,24560547;-83,71290588
39,27612305;-72,37834167
39,30664062;-64,89847565
39,33715820;-61,84768677
39,36767578;-62,22454453
39,39819336;-66,02661896
39,42871094;-67,83296204
39,45922852;-63,28149414
39,48974609;-61,74488831
39,52026367;-63,07063675
39,55078125;-67,23717499
39,58129883;-72,81638336
39,61181641;-66,35443878
39,64233398;-62,24054337
39,67285156;-61,63504791
39,70336914;-63,44472885
39,73388672;-64,31893158
39,76440430;-64,26458740
39,79492188;-67,60028076
39,82543945;-90,04278564
39,85595703;-66,46192932
39,88647461;-59,43721008
39,91699219;-55,39744568
39,94750977;-53,53683472
39,97802734;-54,02164078
40,00854492;-56,87490463
40,03906250;-61,13682175
40,06958008;-66,08026123
40,10009766;-77,43894196
40,13061523;-68,98905182
40,16113281;-65,62554169
40,19165039;-64,02770233
40,22216797;-62,99285889
40,25268555;-64,17541504
40,28320312;-67,57507324
40,31372070;-73,50922394
40,34423828;-82,51445770
40,37475586;-69,91297913
40,40527344;-67,14705658
40,43579102;-69,91471863
40,46630859;-81,70022583
40,49682617;-75,73319244
40,52734375;-69,57479858
40,55786133;-64,94300079
40,58837891;-62,57965851
40,61889648;-62,53871918
40,64941406;-64,40605927
40,67993164;-67,01304626
40,71044922;-66,29284668
40,74096680;-62,40195465
40,77148438;-59,23832703
40,80200195;-57,57267380
40,83251953;-56,96920395
40,86303711;-56,49522781
40,89355469;-56,43946838
40,92407227;-58,41308212
40,95458984;-63,30228806
40,98510742;-68,43264771
41,01562500;-67,92144775
41,04614258;-64,06970215
41,07666016;-62,69204712
41,10717773;-62,92806625
41,13769531;-62,77333832
41,16821289;-61,39558792
41,19873047;-60,42406464
41,22924805;-61,44789124
41,25976562;-62,33416748
41,29028320;-60,77127457
41,32080078;-60,40973663
41,35131836;-63,07110596
41,38183594;-69,49885559
41,41235352;-73,44686890
41,44287109;-74,29493713
41,47338867;-77,30710602
41,50390625;-76,71876526
41,53442383;-72,45257568
41,56494141;-69,76533508
41,59545898;-67,36582947
41,62597656;-67,87398529
41,65649414;-72,61799622
41,68701172;-76,89261627
41,71752930;-71,02099609
41,74804688;-64,53884888
41,77856445;-61,94392395
41,80908203;-63,14267731
41,83959961;-69,54167175
41,87011719;-79,87066650
41,90063477;-75,01197052
41,93115234;-74,23570251
41,96166992;-64,86136627
41,99218750;-60,84641266
42,02270508;-60,76306915
42,05322266;-64,66101837
42,08374023;-73,83312988
42,11425781;-72,83855438
42,14477539;-72,55326843
42,17529297;-77,29798126
42,20581055;-76,53652191
42,23632812;-72,71078491
42,26684570;-71,88706970
42,29736328;-75,22073364
42,32788086;-71,88317108
42,35839844;-65,19615173
42,38891602;-62,15496826
42,41943359;-61,46397400
42,44995117;-63,06197739
42,48046875;-67,49525452
42,51098633;-72,89321899
42,54150391;-71,23139191
42,57202148;-69,30565643
42,60253906;-71,82527161
42,63305664;-69,67561340
42,66357422;-63,43654633
42,69409180;-62,46660614
42,72460938;-65,88370514
42,75512695;-69,59475708
42,78564453;-65,67884064
42,81616211;-64,53732300
42,84667969;-66,75034332
42,87719727;-73,35717773
42,90771484;-71,26644897
42,93823242;-65,63143921
42,96875000;-63,67105484
42,99926758;-62,74053574
43,02978516;-61,39977264
43,06030273;-60,56011581
43,09082031;-60,80282593
43,12133789;-60,79060364
43,15185547;-61,65167236
43,18237305;-65,58541870
43,21289062;-69,77442932
43,24340820;-69,40463257
43,27392578;-68,93777466
43,30444336;-66,13288116
43,33496094;-63,04853439
43,36547852;-62,05627823
43,39599609;-63,25609207
43,42651367;-64,08177948
43,45703125;-63,89758301
43,48754883;-65,76530457
43,51806641;-70,29516602
43,54858398;-73,90798950
43,57910156;-73,72500610
43,60961914;-72,05992126
43,64013672;-71,68410492
43,67065430;-74,15216064
43,70117188;-82,68032837
43,73168945;-82,55215454
43,76220703;-74,51431274
43,79272461;-72,11757660
43,82324219;-70,93665314
43,85375977;-70,70567322
43,88427734;-71,26442719
43,91479492;-67,02919769
43,94531250;-61,63108826
43,97583008;-57,96947479
44,00634766;-56,06423950
44,03686523;-56,21570969
44,06738281;-58,74897766
44,09790039;-63,67253876
44,12841797;-70,15379333
44,15893555;-75,78402710
44,18945312;-69,70812225
44,21997070;-66,92427063
44,25048828;-69,12392426
44,28100586;-77,58647156
44,31152344;-76,60411835
44,34204102;-73,50085449
44,37255859;-67,95676422
44,40307617;-64,79212952
44,43359375;-63,59553909
44,46411133;-62,73299789
44,49462891;-62,02882767
44,52514648;-62,22686768
44,55566406;-63,55419922
44,58618164;-65,82856750
44,61669922;-69,56172943
44,64721680;-77,69340515
44,67773438;-80,40767670
44,70825195;-77,61234283
44,73876953;-75,78488159
44,76928711;-67,27091980
44,79980469;-64,12368011
44,83032227;-64,95085907
44,86083984;-70,96757507
44,89135742;-66,30520630
44,92187500;-59,80399323
44,95239258;-57,92932129
44,98291016;-59,76211548
45,01342773;-66,62772369
45,04394531;-90,42572021
45,07446289;-73,43027496
45,10498047;-76,14452362
45,13549805;-70,78818512
45,16601562;-64,55637360
45,19653320;-61,43430328
45,22705078;-61,16368103
45,25756836;-64,57545471
45,28808594;-69,00069427
45,31860352;-63,94706345
45,34912109;-61,64876938
45,37963867;-61,84361267
45,41015625;-62,80347443
45,44067383;-64,82717896
45,47119141;-71,52120209
45,50170898;-76,36639404
45,53222656;-67,15705109
45,56274414;-65,07804108
45,59326172;-65,06399536
45,62377930;-65,52970123
45,65429688;-67,60742950
45,68481445;-69,54313660
45,71533203;-68,32273102
45,74584961;-70,01548004
45,77636719;-78,74209595
45,80688477;-72,61840057
45,83740234;-64,05796814
45,86791992;-59,74859619
45,89843750;-58,93326569
45,92895508;-61,01129532
45,95947266;-65,31886292
45,98999023;-71,12953949
46,02050781;-77,54277039
46,05102539;-74,61493683
46,08154297;-68,06044006
46,11206055;-65,45788574
46,14257812;-66,98318481
46,17309570;-76,47520447
46,20361328;-67,58112335
46,23413086;-62,41477966
46,26464844;-61,63329315
46,29516602;-62,80598068
46,32568359;-63,72570038
46,35620117;-63,23654175
46,38671875;-63,19305038
46,41723633;-66,58177948
46,44775391;-82,69142914
46,47827148;-71,65261078
46,50878906;-68,71102905
46,53930664;-69,93944550
46,56982422;-70,21088409
46,60034180;-67,73239899
46,63085938;-65,49758148
46,66137695;-64,84551239
46,69189453;-65,10426331
46,72241211;-65,36706543
46,75292969;-66,11206818
46,78344727;-68,05754089
46,81396484;-68,28090668
46,84448242;-63,52825546
46,87500000;-60,40379333
46,90551758;-59,58648300
46,93603516;-59,75209045
46,96655273;-59,70478058
46,99707031;-60,32114029
47,02758789;-63,32094574
47,05810547;-71,62368011
47,08862305;-78,22443390
47,11914062;-68,79866028
47,14965820;-68,27334595
47,18017578;-73,75397491
47,21069336;-64,50681305
47,24121094;-58,26257706
47,27172852;-55,87709427
47,30224609;-56,01110077
47,33276367;-58,09354401
47,36328125;-61,73290253
47,39379883;-66,75891876
47,42431641;-73,83164978
47,45483398;-75,12280273
47,48535156;-69,85794067
47,51586914;-69,07690430
47,54638672;-74,25105286
47,57690430;-72,52869415
47,60742188;-65,05184174
47,63793945;-62,76134109
47,66845703;-63,06133270
47,69897461;-63,86387634
47,72949219;-63,74959946
47,76000977;-63,40271378
47,79052734;-62,77783966
47,82104492;-61,76779175
47,85156250;-61,53562546
47,88208008;-62,59944916
47,91259766;-64,59314728
47,94311523;-67,32363892
47,97363281;-72,16010284
48,00415039;-77,78292847
48,03466797;-70,86601257
48,06518555;-65,28883362
48,09570312;-62,21526718
48,12622070;-61,35130310
48,15673828;-62,45386124
48,18725586;-64,54702759
48,21777344;-64,45028687
48,24829102;-65,80830383
48,27880859;-73,22254944
48,30932617;-85,10761261
48,33984375;-79,20257568
48,37036133;-79,86550140
48,40087891;-80,99617004
48,43139648;-70,78058624
48,46191406;-69,41045380
48,49243164;-79,28437805
48,52294922;-70,52713013
48,55346680;-63,30306244
48,58398438;-61,18454742
48,61450195;-62,19761276
48,64501953;-65,72298431
48,67553711;-66,51071167
48,70605469;-61,96648407
48,73657227;-59,26253891
48,76708984;-58,50568771
48,79760742;-58,40689850
48,82812500;-58,09341812
48,85864258;-57,95697784
48,88916016;-58,71347809
48,91967773;-60,50424576
48,95019531;-62,85094452
48,98071289;-64,13872528
49,01123047;-62,90028381
49,04174805;-61,41544342
49,07226562;-61,42395020
49,10278320;-63,39494324
49,13330078;-67,83003235
49,16381836;-73,59209442
49,19433594;-68,41973877
49,22485352;-64,36774445
49,25537109;-63,19824600
49,28588867;-63,90703583
49,31640625;-65,74662781
49,34692383;-67,97315979
49,37744141;-70,24632263
49,40795898;-72,82476807
49,43847656;-71,65736389
49,46899414;-68,11149597
49,49951172;-67,00957489
49,53002930;-68,59770203
49,56054688;-74,60552979
49,59106445;-77,18414307
49,62158203;-66,74234772
49,65209961;-63,44207764
49,68261719;-63,54301453
49,71313477;-65,48802948
49,74365234;-69,62194061
49,77416992;-77,41815948
49,80468750;-68,21972656
49,83520508;-64,96009827
49,86572266;-60,43989563
49,89624023;-54,19857407
49,92675781;-49,69319153
49,95727539;-47,95832062
49,98779297;-49,03890991
50,01831055;-52,86564255
50,04882812;-59,12125015
50,07934570;-65,91957855
50,10986328;-72,13092041
50,14038086;-70,22091675
50,17089844;-65,66723633
50,20141602;-64,58402252
50,23193359;-66,06340027
50,26245117;-69,77389526
50,29296875;-71,59304047
50,32348633;-69,58989716
50,35400391;-70,59096527
50,38452148;-75,34412384
50,41503906;-70,68536377
50,44555664;-70,34175110
50,47607422;-80,88453674
50,50659180;-67,98390198
50,53710938;-64,13086700
50,56762695;-65,04803467
50,59814453;-67,67062378
50,62866211;-66,25540161
50,65917969;-64,66190338
50,68969727;-64,00645447
50,72021484;-63,43474960
50,75073242;-64,15502930
50,78125000;-66,84277344
50,81176758;-66,15995789
50,84228516;-62,30051041
50,87280273;-59,56571960
50,90332031;-59,10644913
50,93383789;-62,14785004
50,96435547;-71,30839539
50,99487305;-71,86983490
51,02539062;-68,01212311
51,05590820;-67,91854095
51,08642578;-68,29222107
51,11694336;-67,39798737
51,14746094;-65,72440338
51,17797852;-65,15315247
51,20849609;-65,85636902
51,23901367;-65,33695984
51,26953125;-63,85727310
51,30004883;-63,49444580
51,33056641;-64,11959839
51,36108398;-65,12423706
51,39160156;-66,07552338
51,42211914;-66,91583252
51,45263672;-68,95935059
51,48315430;-71,15139008
51,51367188;-63,67178345
51,54418945;-59,31369781
51,57470703;-58,49550629
51,60522461;-60,11632919
51,63574219;-61,89415359
51,66625977;-62,51778412
51,69677734;-64,25520325
51,72729492;-66,01168060
51,75781250;-66,01414490
51,78833008;-66,98354340
51,81884766;-68,24810791
51,84936523;-70,97775269
51,87988281;-73,52622223
51,91040039;-66,19427490
51,94091797;-62,48076630
51,97143555;-62,29244995
52,00195312;-65,22226715
52,03247070;-69,05574036
52,06298828;-66,90061951
52,09350586;-63,69594574
52,12402344;-61,78865433
52,15454102;-60,96473312
52,18505859;-61,03820419
52,21557617;-62,10791016
52,24609375;-63,86272049
52,27661133;-64,67323303
52,30712891;-65,02822113
52,33764648;-68,58052063
52,36816406;-84,22723389
52,39868164;-69,23655701
52,42919922;-67,71643829
52,45971680;-74,28237152
52,49023438;-77,06726837
52,52075195;-69,22829437
52,55126953;-68,39101410
52,58178711;-70,65689850
52,61230469;-74,06828308
52,64282227;-76,07277679
52,67333984;-76,51854706
52,70385742;-71,37352753
52,73437500;-65,61068726
52,76489258;-62,09079361
52,79541016;-60,30927277
52,82592773;-60,07032394
52,85644531;-61,66662598
52,88696289;-64,51155853
52,91748047;-65,89093018
52,94799805;-67,88731384
52,97851562;-74,78784180
53,00903320;-73,33755493
53,03955078;-68,23096466
53,07006836;-66,17654419
53,10058594;-64,70439148
53,13110352;-64,32751465
53,16162109;-66,70642090
53,19213867;-77,13455200
53,22265625;-72,48740387
53,25317383;-66,90219116
53,28369141;-66,52246094
53,31420898;-66,91861725
53,34472656;-67,18544006
53,37524414;-69,94200134
53,40576172;-75,06115723
53,43627930;-69,66256714
53,46679688;-68,53566742
53,49731445;-70,03968048
53,52783203;-70,40961456
53,55834961;-74,40190887
53,58886719;-76,71067810
53,61938477;-74,00316620
53,64990234;-72,69715118
53,68041992;-69,63667297
53,71093750;-71,05504608
53,74145508;-75,80400085
53,77197266;-74,56192780
53,80249023;-69,53404999
53,83300781;-62,87419891
53,86352539;-60,22328186
53,89404297;-60,68759537
53,92456055;-62,46916962
53,95507812;-62,18154144
53,98559570;-61,12018967
54,01611328;-61,70693207
54,04663086;-64,96465302
54,07714844;-74,83293152
54,10766602;-74,27834320
54,13818359;-67,81649780
54,16870117;-66,37632751
54,19921875;-64,74104309
54,22973633;-63,39889908
54,26025391;-64,27964783
54,29077148;-67,15045166
54,32128906;-68,46838379
54,35180664;-67,19278717
54,38232422;-66,94304657
54,41284180;-67,78329468
54,44335938;-65,88871765
54,47387695;-60,82787323
54,50439453;-57,11208344
54,53491211;-56,37102127
54,56542969;-59,58778763
54,59594727;-72,25332642
54,62646484;-68,13614655
54,65698242;-64,80805206
54,68750000;-66,73176575
54,71801758;-65,07063293
54,74853516;-61,57623291
54,77905273;-60,90214157
54,80957031;-63,11734009
54,84008789;-65,93209076
54,87060547;-64,68539429
54,90112305;-60,56889343
54,93164062;-57,31951904
54,96215820;-56,87701416
54,99267578;-59,85309982
55,02319336;-67,25952911
55,05371094;-68,49172974
55,08422852;-64,87702179
55,11474609;-64,58715820
55,14526367;-64,78089905
55,17578125;-63,75765991
55,20629883;-64,09687042
55,23681641;-67,11266327
55,26733398;-71,86558533
55,29785156;-72,15885925
55,32836914;-68,54788971
55,35888672;-65,69068146
55,38940430;-65,12283325
55,41992188;-68,01609039
55,45043945;-72,13745880
55,48095703;-84,42076111
55,51147461;-66,87467957
55,54199219;-60,94126892
55,57250977;-60,44059372
55,60302734;-63,20906067
55,63354492;-67,48970795
55,66406250;-70,49696350
55,69458008;-67,40064240
55,72509766;-62,75608444
55,75561523;-60,72467422
55,78613281;-61,16427612
55,81665039;-62,39324188
55,84716797;-60,90245819
55,87768555;-58,50997925
55,90820312;-57,89065552
55,93872070;-59,43921661
55,96923828;-62,67385101
55,99975586;-65,71214294
56,03027344;-66,85232544
56,06079102;-66,56281281
56,09130859;-65,14189911
56,12182617;-63,88551712
56,15234375;-64,77059937
56,18286133;-70,22396851
56,21337891;-75,58207703
56,24389648;-69,70579529
56,27441406;-70,06676483
56,30493164;-71,40450287
56,33544922;-70,76042938
56,36596680;-71,87857819
56,39648438;-75,14638519
56,42700195;-79,13160706
56,45751953;-72,05197144
56,48803711;-65,66346741
56,51855469;-63,75653076
56,54907227;-65,16448212
56,57958984;-68,20870209
56,61010742;-68,79891968
56,64062500;-68,05733490
56,67114258;-70,22032166
56,70166016;-79,66666412
56,73217773;-70,05823517
56,76269531;-65,76614380
56,79321289;-64,71501160
56,82373047;-65,18857574
56,85424805;-67,51802826
56,88476562;-69,71619415
56,91528320;-67,30007935
56,94580078;-67,19110870
56,97631836;-71,61900330
57,00683594;-81,30997467
57,03735352;-76,87057495
57,06787109;-67,24516296
57,09838867;-63,02213669
57,12890625;-62,08238602
57,15942383;-63,19873047
57,18994141;-64,77160645
57,22045898;-65,30322266
57,25097656;-64,87696838
57,28149414;-64,82325745
57,31201172;-65,49980927
57,34252930;-66,05055237
57,37304688;-67,96252441
57,40356445;-73,56430817
57,43408203;-72,53836823
57,46459961;-68,67485809
57,49511719;-68,28869629
57,52563477;-71,80838013
57,55615234;-82,03727722
57,58666992;-76,19160461
57,61718750;-74,54814148
57,64770508;-98,96444702
57,67822266;-69,56878662
57,70874023;-65,49311829
57,73925781;-67,69263458
57,76977539;-76,88798523
57,80029297;-67,90984344
57,83081055;-63,68808746
57,86132812;-62,28803635
57,89184570;-62,58432770
57,92236328;-64,71291351
57,95288086;-68,49341583
57,98339844;-71,42732239
58,01391602;-70,52304077
58,04443359;-69,00238037
58,07495117;-68,69306183
58,10546875;-68,86935425
58,13598633;-70,77915955
58,16650391;-71,01737213
58,19702148;-66,49489594
58,22753906;-65,37570190
58,25805664;-68,88549042
58,28857422;-74,51925659
58,31909180;-67,55171967
58,34960938;-63,30528259
58,38012695;-60,33623505
58,41064453;-59,04541016
58,44116211;-59,93521881
58,47167969;-62,40513611
58,50219727;-64,61945343
58,53271484;-64,18206787
58,56323242;-62,64455795
58,59375000;-63,50486755
58,62426758;-67,59548950
58,65478516;-72,90203094
58,68530273;-71,30276489
58,71582031;-67,16529846
58,74633789;-64,14929199
58,77685547;-62,50278854
58,80737305;-62,39845276
58,83789062;-63,81569290
58,86840820;-66,60876465
58,89892578;-68,69303131
58,92944336;-64,68999481
58,95996094;-58,93397903
58,99047852;-55,43784714
59,02099609;-54,68473434
59,05151367;-56,65777588
59,08203125;-61,51090622
59,11254883;-70,86602020
59,14306641;-76,82604218
59,17358398;-67,26554108
59,20410156;-62,45252609
59,23461914;-59,01956940
59,26513672;-57,28042221
59,29565430;-57,36233139
59,32617188;-59,03052521
59,35668945;-61,52116776
59,38720703;-62,88754272
59,41772461;-62,56911850
59,44824219;-63,10447311
59,47875977;-66,61615753
59,50927734;-80,32781982
59,53979492;-70,46687317
59,57031250;-63,92038345
59,60083008;-61,18175888
59,63134766;-60,11003876
59,66186523;-60,05953979
59,69238281;-60,48097610
59,72290039;-60,96992874
59,75341797;-61,75568390
59,78393555;-63,02424622
59,81445312;-63,82979584
59,84497070;-64,95501709
59,87548828;-61,96859741
59,90600586;-55,62313843
59,93652344;-52,71104813
59,96704102;-53,34594727
59,99755859;-58,16073608
60,02807617;-72,85913086
60,05859375;-67,31123352
60,08911133;-64,61681366
60,11962891;-64,85346985
60,15014648;-65,69304657
60,18066406;-67,51122284
60,21118164;-70,47342682
60,24169922;-75,25724030
60,27221680;-80,42319489
60,30273438;-69,06793976
60,33325195;-64,44705963
60,36376953;-63,18531418
60,39428711;-63,78239059
60,42480469;-64,97615051
60,45532227;-66,33950043
60,48583984;-67,87626648
60,51635742;-66,63778687
60,54687500;-65,67786407
60,57739258;-68,65959930
60,60791016;-73,05332947
60,63842773;-67,10131073
60,66894531;-64,30373383
60,69946289;-64,76821136
60,72998047;-67,62940979
60,76049805;-66,63054657
60,79101562;-64,56118774
60,82153320;-67,97354126
60,85205078;-91,42794800
60,88256836;-69,49990845
60,91308594;-67,15175629
60,94360352;-67,27521515
60,97412109;-70,71647644
61,00463867;-87,67090607
61,03515625;-75,40473175
61,06567383;-71,91146088
61,09619141;-72,22203827
61,12670898;-72,51845551
61,15722656;-72,01155090
61,18774414;-72,76450348
61,21826172;-70,43329620
61,24877930;-65,83452606
61,27929688;-62,48514175
61,30981445;-59,28485489
61,34033203;-57,85510254
61,37084961;-58,32124329
61,40136719;-59,18395615
61,43188477;-60,17091751
61,46240234;-62,32772827
61,49291992;-66,33086395
61,52343750;-73,57560730
61,55395508;-74,66741180
61,58447266;-78,15163422
61,61499023;-79,41699982
61,64550781;-71,44363403
61,67602539;-71,80746460
61,70654297;-71,11098480
61,73706055;-66,41516113
61,76757812;-64,56637573
61,79809570;-68,60995483
61,82861328;-67,92693329
61,85913086;-59,40271378
61,88964844;-56,63678741
61,92016602;-56,83562469
61,95068359;-58,88747406
61,98120117;-61,99962997
62,01171875;-65,04120636
62,04223633;-65,37557220
62,07275391;-63,10673141
62,10327148;-61,55454636
62,13378906;-62,35512543
62,16430664;-65,30018616
62,19482422;-66,18977356
62,22534180;-62,37245178
62,25585938;-59,71275711
62,28637695;-59,41615677
62,31689453;-60,36947632
62,34741211;-61,33176804
62,37792969;-63,23808289
62,40844727;-64,18923187
62,43896484;-59,66902924
62,46948242;-55,79426193
62,50000000;-54,43348694
62,53051758;-55,85551453
62,56103516;-60,49458313
62,59155273;-69,06741333
62,62207031;-78,89076996
62,65258789;-80,52896118
62,68310547;-73,84127045
62,71362305;-71,94110870
62,74414062;-74,19309998
62,77465820;-69,95659637
62,80517578;-64,91049194
62,83569336;-61,33712006
62,86621094;-59,53335571
62,89672852;-60,04489517
62,92724609;-62,91156387
62,95776367;-66,54739380
62,98828125;-67,50045013
63,01879883;-66,42688751
63,04931641;-64,61888123
63,07983398;-63,70456696
63,11035156;-64,12815857
63,14086914;-64,54991913
63,17138672;-63,91791916
63,20190430;-63,92712402
63,23242188;-66,00553131
63,26293945;-72,53192902
63,29345703;-72,68949890
63,32397461;-65,39929199
63,35449219;-64,01408386
63,38500977;-65,08179474
63,41552734;-64,82562256
63,44604492;-62,88636017
63,47656250;-61,13024139
63,50708008;-60,24555206
63,53759766;-60,84384918
63,56811523;-63,71940613
63,59863281;-70,07534790
63,62915039;-73,97378540
63,65966797;-68,83097839
63,69018555;-66,22186279
63,72070312;-64,38562012
63,75122070;-62,70689011
63,78173828;-61,60448456
63,81225586;-61,28417206
63,84277344;-61,32046509
63,87329102;-61,62514496
63,90380859;-63,39473343
63,93432617;-69,69709015
63,96484375;-67,19013214
63,99536133;-61,84356308
64,02587891;-62,72820282
64,05639648;-73,76806641
64,08691406;-67,50285339
64,11743164;-61,77784348
64,14794922;-60,99018097
64,17846680;-62,33334351
64,20898438;-64,70629883
64,23950195;-67,87565613
64,27001953;-73,69145203
64,30053711;-92,86369324
64,33105469;-79,42073059
64,36157227;-72,29267883
64,39208984;-69,04383850
64,42260742;-71,25617981
64,45312500;-78,43242645
64,48364258;-68,69859314
64,51416016;-66,06039429
64,54467773;-67,10629272
64,57519531;-67,59027100
64,60571289;-65,34938049
64,63623047;-65,23236084
64,66674805;-68,26040649
64,69726562;-76,44930267
64,72778320;-68,15942383
64,75830078;-62,03178024
64,78881836;-60,55182648
64,81933594;-62,38251495
64,84985352;-67,48316956
64,88037109;-66,67363739
64,91088867;-61,46194077
64,94140625;-59,83361816
64,97192383;-61,19078064
65,00244141;-64,57077789
65,03295898;-66,45097351
65,06347656;-64,97361755
65,09399414;-63,11338043
65,12451172;-62,13303375
65,15502930;-63,92687988
65,18554688;-72,12467957
65,21606445;-68,56374359
65,24658203;-63,18494797
65,27709961;-62,34273529
65,30761719;-63,95898819
65,33813477;-67,31658173
65,36865234;-70,49111938
65,39916992;-68,02338409
65,42968750;-64,07243347
65,46020508;-62,48919678
65,49072266;-61,77638626
65,52124023;-60,75962067
65,55175781;-62,01667786
65,58227539;-69,23165894
65,61279297;-72,50809479
65,64331055;-65,72586060
65,67382812;-63,71817017
65,70434570;-62,46170807
65,73486328;-63,96852493
65,76538086;-72,65852356
65,79589844;-62,86920929
65,82641602;-55,96671295
65,85693359;-53,49977112
65,88745117;-54,45021820
65,91796875;-59,52961349
65,94848633;-69,59693146
65,97900391;-64,05135345
66,00952148;-63,36685944
66,04003906;-67,17636871
66,07055664;-66,74351501
66,10107422;-61,60373688
66,13159180;-58,94754410
66,16210938;-57,70922852
66,19262695;-57,27676773
66,22314453;-57,91053772
66,25366211;-60,36341858
66,28417969;-64,56159973
66,31469727;-65,89144897
66,34521484;-65,67227936
66,37573242;-67,63247681
66,40625000;-67,89737701
66,43676758;-66,29143524
66,46728516;-66,84436035
66,49780273;-69,51307678
66,52832031;-71,77278137
66,55883789;-72,31732941
66,58935547;-76,05291748
66,61987305;-80,33808899
66,65039062;-77,92122650
66,68090820;-91,90247345
66,71142578;-77,01286316
66,74194336;-73,11682892
66,77246094;-75,24360657
66,80297852;-73,34145355
66,83349609;-66,34867096
66,86401367;-62,37160492
66,89453125;-60,86988068
66,92504883;-61,53283691
66,95556641;-64,67396545
66,98608398;-68,77532196
67,01660156;-64,80708313
67,04711914;-62,62431335
67,07763672;-63,60060883
67,10815430;-66,45231628
67,13867188;-69,02816010
67,16918945;-69,36582184
67,19970703;-68,07778168
67,23022461;-66,91494751
67,26074219;-64,27590179
67,29125977;-60,78816223
67,32177734;-58,63267899
67,35229492;-57,97690582
67,38281250;-58,37100983
67,41333008;-58,97049332
67,44384766;-59,11326599
67,47436523;-60,07629013
67,50488281;-63,87827301
67,53540039;-73,50790405
67,56591797;-72,47222137
67,59643555;-66,41995239
67,62695312;-63,48884964
67,65747070;-62,25460815
67,68798828;-62,45082474
67,71850586;-63,74998474
67,74902344;-65,28631592
67,77954102;-66,60887909
67,81005859;-69,25801086
67,84057617;-74,11839294
67,87109375;-75,44328308
67,90161133;-74,68209839
67,93212891;-71,23247528
67,96264648;-67,32254028
67,99316406;-64,61955261
68,02368164;-63,93948364
68,05419922;-65,12738800
68,08471680;-67,36775208
68,11523438;-70,08158112
68,14575195;-69,56021118
68,17626953;-65,98718262
68,20678711;-63,63101578
68,23730469;-62,81165314
68,26782227;-63,52751160
68,29833984;-65,86948395
68,32885742;-70,42469788
68,35937500;-80,27990723
68,38989258;-79,67307281
68,42041016;-77,57277679
68,45092773;-74,79558563
68,48144531;-67,60272217
68,51196289;-62,61102676
68,54248047;-60,49368286
68,57299805;-61,24315643
68,60351562;-62,70861053
68,63403320;-62,35296249
68,66455078;-63,78217697
68,69506836;-69,30948639
68,72558594;-83,81021118
68,75610352;-77,95336151
68,78662109;-71,20883942
68,81713867;-66,38171387
68,84765625;-62,46388245
68,87817383;-60,02563477
68,90869141;-59,45035553
68,93920898;-61,53979492
68,96972656;-68,68089294
69,00024414;-78,93859863
69,03076172;-70,20384979
69,06127930;-71,60067749
69,09179688;-76,90194702
69,12231445;-79,46004486
69,15283203;-72,96698761
69,18334961;-70,54190826
69,21386719;-71,60205841
69,24438477;-73,11930084
69,27490234;-72,35964966
69,30541992;-70,34648132
69,33593750;-68,69471741
69,36645508;-70,35536957
69,39697266;-71,57523346
69,42749023;-63,56423187
69,45800781;-60,65970993
69,48852539;-62,33114243
69,51904297;-69,98598480
69,54956055;-66,86089325
69,58007812;-63,64287949
69,61059570;-65,22202301
69,64111328;-69,62022400
69,67163086;-75,50431824
69,70214844;-78,72143555
69,73266602;-69,51596069
69,76318359;-65,00617218
69,79370117;-63,94710159
69,82421875;-65,11452484
69,85473633;-68,82189178
69,88525391;-70,56314850
69,91577148;-64,59380341
69,94628906;-62,12920761
69,97680664;-61,95690155
70,00732422;-62,41344452
70,03784180;-62,81201172
70,06835938;-63,64111328
70,09887695;-63,51112366
70,12939453;-61,86658859
70,15991211;-61,21131897
70,19042969;-61,87669373
70,22094727;-62,39910507
70,25146484;-62,17980957
70,28198242;-63,26655960
70,31250000;-68,34790802
70,34301758;-74,86038971
70,37353516;-68,51744843
70,40405273;-67,41013336
70,43457031;-70,91147614
70,46508789;-86,39374542
70,49560547;-73,58974457
70,52612305;-71,77024078
70,55664062;-73,30386353
70,58715820;-73,03305054
70,61767578;-74,22730255
70,64819336;-73,08096313
70,67871094;-68,45974731
70,70922852;-66,24514771
70,73974609;-65,55604553
70,77026367;-65,92205048
70,80078125;-69,32954407
70,83129883;-83,06179810
70,86181641;-71,25244141
70,89233398;-72,50900269
70,92285156;-79,33512878
70,95336914;-67,16157532
70,98388672;-65,96980286
71,01440430;-66,60601044
71,04492188;-66,34409332
71,07543945;-70,33516693
71,10595703;-82,27524567
71,13647461;-68,46581268
71,16699219;-66,89686584
71,19750977;-71,58923340
71,22802734;-88,27482605
71,25854492;-73,07032776
71,28906250;-74,01757050
71,31958008;-72,16469574
71,35009766;-66,89736176
71,38061523;-64,46244812
71,41113281;-63,01633835
71,44165039;-61,81694794
71,47216797;-61,79847336
71,50268555;-64,11021423
71,53320312;-68,78672791
71,56372070;-71,93613434
71,59423828;-73,60970306
71,62475586;-78,85180664
71,65527344;-74,56091309
71,68579102;-70,72849274
71,71630859;-83,48603821
71,74682617;-66,48232269
71,77734375;-60,73765182
71,80786133;-60,41606140
71,83837891;-63,63816833
71,86889648;-67,44228363
71,89941406;-67,47122192
71,92993164;-68,47116089
71,96044922;-74,83011627
71,99096680;-69,29882050
72,02148438;-63,07021332
72,05200195;-61,05551147
72,08251953;-61,46478653
72,11303711;-63,50309372
72,14355469;-66,90466309
72,17407227;-72,18188477
72,20458984;-81,93019867
72,23510742;-85,72926331
72,26562500;-74,70058441
72,29614258;-69,30937958
72,32666016;-65,64415741
72,35717773;-63,50068665
72,38769531;-63,25337982
72,41821289;-65,61695862
72,44873047;-73,09442139
72,47924805;-71,21306610
72,50976562;-63,91382599
72,54028320;-61,00512695
72,57080078;-60,36639786
72,60131836;-61,35775757
72,63183594;-63,46210098
72,66235352;-66,46205139
72,69287109;-69,34523010
72,72338867;-68,10424042
72,75390625;-65,95424652
72,78442383;-65,68151855
72,81494141;-65,86405182
72,84545898;-65,35516357
72,87597656;-65,22473145
72,90649414;-64,98300171
72,93701172;-64,60826874
72,96752930;-64,62901306
72,99804688;-64,64971161
73,02856445;-65,01189423
73,05908203;-65,82514191
73,08959961;-65,44343567
73,12011719;-65,55769348
73,15063477;-68,40583038
73,18115234;-69,98793793
73,21166992;-65,89290619
73,24218750;-63,51427460
73,27270508;-63,13732147
73,30322266;-65,06896973
73,33374023;-71,28805542
73,36425781;-82,46425629
73,39477539;-71,39073181
73,42529297;-67,69896698
73,45581055;-64,85485840
73,48632812;-62,70934296
73,51684570;-61,63718414
73,54736328;-61,38837814
73,57788086;-61,42354584
73,60839844;-61,17904282
73,63891602;-60,83036423
73,66943359;-61,88955307
73,69995117;-67,36965942
73,73046875;-73,11823273
73,76098633;-63,64207458
73,79150391;-62,10338593
73,82202148;-63,11290359
73,85253906;-62,32488632
73,88305664;-62,09146881
73,91357422;-65,07664490
73,94409180;-71,90148926
73,97460938;-77,26603699
74,00512695;-73,37940979
74,03564453;-71,95992279
74,06616211;-74,65463257
74,09667969;-75,27512360
74,12719727;-68,09446716
74,15771484;-65,29980469
74,18823242;-65,15410614
74,21875000;-65,22360992
74,24926758;-64,78014374
74,27978516;-65,49168396
74,31030273;-66,47023010
74,34082031;-65,05163574
74,37133789;-62,19544983
74,40185547;-60,73987579
74,43237305;-62,02006531
74,46289062;-65,64356232
74,49340820;-66,03913879
74,52392578;-64,81053162
74,55444336;-65,44717407
74,58496094;-64,94892883
74,61547852;-63,71800232
74,64599609;-64,42395782
74,67651367;-66,31989288
74,70703125;-65,01702881
74,73754883;-62,33932877
74,76806641;-60,65080261
74,79858398;-59,95774078
74,82910156;-61,11812210
74,85961914;-65,34870911
74,89013672;-61,41500092
74,92065430;-56,75740051
74,95117188;-56,31873703
74,98168945;-59,61886597
75,01220703;-66,87348175
75,04272461;-68,53507996
75,07324219;-66,83348083
75,10375977;-68,76429749
75,13427734;-71,48242188
75,16479492;-70,12115479
75,19531250;-68,31642151
75,22583008;-70,12985992
75,25634766;-75,92646790
75,28686523;-74,63345337
75,31738281;-69,87295532
75,34790039;-65,64733124
75,37841797;-63,72174072
75,40893555;-63,82446289
75,43945312;-65,21189880
75,46997070;-67,23017883
75,50048828;-68,52808380
75,53100586;-70,30648041
75,56152344;-74,35350037
75,59204102;-72,22166443
75,62255859;-70,66577911
75,65307617;-70,74845886
75,68359375;-71,19787598
75,71411133;-74,66526031
75,74462891;-78,46259308
75,77514648;-73,97095490
75,80566406;-63,72407532
75,83618164;-59,36709976
75,86669922;-58,81086731
75,89721680;-61,05643845
75,92773438;-64,60919189
75,95825195;-65,58814240
75,98876953;-64,13244629
76,01928711;-63,59337616
76,04980469;-63,24877930
76,08032227;-61,94299698
76,11083984;-60,56417847
76,14135742;-59,98182297
76,17187500;-60,35290146
76,20239258;-61,84737396
76,23291016;-64,59297943
76,26342773;-66,14810181
76,29394531;-64,41878510
76,32446289;-64,63138580
76,35498047;-69,42694855
76,38549805;-92,83016968
76,41601562;-72,62362671
76,44653320;-66,58184814
76,47705078;-63,46570969
76,50756836;-62,16708374
76,53808594;-61,77985764
76,56860352;-61,43017197
76,59912109;-61,39614487
76,62963867;-62,57795334
76,66015625;-64,81644440
76,69067383;-65,23199463
76,72119141;-65,72461700
76,75170898;-70,42279053
76,78222656;-71,32080841
76,81274414;-68,82734680
76,84326172;-71,01259613
76,87377930;-78,26210785
76,90429688;-77,35795593
76,93481445;-70,64091492
76,96533203;-67,84813690
76,99584961;-68,36487579
77,02636719;-70,25331116
77,05688477;-67,24194336
77,08740234;-64,78473663
77,11791992;-65,34489441
77,14843750;-70,04032135
77,17895508;-77,34300995
77,20947266;-77,32871246
77,23999023;-67,99337006
77,27050781;-61,27643967
77,30102539;-58,65386963
77,33154297;-58,92198181
77,36206055;-61,89953232
77,39257812;-68,65225983
77,42309570;-83,49969482
77,45361328;-68,70025635
77,48413086;-63,52399826
77,51464844;-61,03858185
77,54516602;-60,32258606
77,57568359;-60,76699066
77,60620117;-61,53482437
77,63671875;-62,25314713
77,66723633;-62,87628174
77,69775391;-63,58715057
77,72827148;-65,48455048
77,75878906;-70,67620850
77,78930664;-71,29355621
77,81982422;-64,92807007
77,85034180;-63,01624298
77,88085938;-64,02230072
77,91137695;-66,35958862
77,94189453;-68,48484802
77,97241211;-73,19943237
78,00292969;-74,19158173
78,03344727;-68,58669281
78,06396484;-69,41696930
78,09448242;-73,54101562
78,12500000;-66,20974731
78,15551758;-62,54145813
78,18603516;-61,61620331
78,21655273;-61,63162613
78,24707031;-61,53937912
78,27758789;-62,43988800
78,30810547;-65,72356415
78,33862305;-68,60778046
78,36914062;-70,19142914
78,39965820;-74,70693970
78,43017578;-65,17388153
78,46069336;-62,06851959
78,49121094;-62,89109802
78,52172852;-65,50850677
78,55224609;-66,61835480
78,58276367;-64,95703125
78,61328125;-62,87951660
78,64379883;-61,78957367
78,67431641;-62,45959473
78,70483398;-65,69443512
78,73535156;-69,56185150
78,76586914;-68,47512054
78,79638672;-68,20018768
78,82690430;-68,90364838
78,85742188;-67,19699860
78,88793945;-64,64526367
78,91845703;-61,32645416
78,94897461;-56,76800537
78,97949219;-54,15340424
79,01000977;-54,59116364
79,04052734;-58,70291901
79,07104492;-69,49815369
79,10156250;-72,45684052
79,13208008;-66,10427856
79,16259766;-64,10891724
79,19311523;-63,95695496
79,22363281;-65,83286285
79,25415039;-70,18977356
79,28466797;-72,08152771
79,31518555;-66,32542419
79,34570312;-63,78151703
79,37622070;-64,93125153
79,40673828;-70,65497589
79,43725586;-67,69760895
79,46777344;-62,61410522
79,49829102;-61,99285889
79,52880859;-64,42912292
79,55932617;-66,32736206
79,58984375;-65,86924744
79,62036133;-66,26977539
79,65087891;-65,08439636
79,68139648;-62,95109177
79,71191406;-62,16099167
79,74243164;-63,11466599
79,77294922;-66,31791687
79,80346680;-75,22918701
79,83398438;-71,43845367
79,86450195;-61,88038635
79,89501953;-57,64823532
79,92553711;-56,42556763
79,95605469;-58,07695770
79,98657227;-63,54541016
80,01708984;-78,97339630
80,04760742;-70,89297485
80,07812500;-70,12321472
80,10864258;-74,66485596
80,13916016;-72,71160889
80,16967773;-66,57505035
80,20019531;-62,85200119
80,23071289;-61,48929596
80,26123047;-62,95114899
80,29174805;-68,27767944
80,32226562;-76,60414886
80,35278320;-77,22167206
80,38330078;-79,13476562
80,41381836;-74,67150116
80,44433594;-72,59539032
80,47485352;-70,53199768
80,50537109;-68,46732330
80,53588867;-69,23870087
80,56640625;-72,28009033
80,59692383;-69,21912384
80,62744141;-67,12973022
80,65795898;-68,60475159
80,68847656;-71,16738129
80,71899414;-69,88825989
80,74951172;-69,14354706
80,78002930;-70,59533691
80,81054688;-67,89298248
80,84106445;-64,56764984
80,87158203;-64,67327881
80,90209961;-67,58892822
80,93261719;-73,38630676
80,96313477;-70,17544556
80,99365234;-63,57011414
81,02416992;-62,30347443
81,05468750;-64,53356934
81,08520508;-69,12969971
81,11572266;-81,58815002
81,14624023;-71,24201965
81,17675781;-64,21370697
81,20727539;-61,79753876
81,23779297;-62,00656891
81,26831055;-64,45494080
81,29882812;-67,22607422
81,32934570;-66,14736176
81,35986328;-66,06111145
81,39038086;-69,52359009
81,42089844;-71,00538635
81,45141602;-67,95182800
81,48193359;-67,89252472
81,51245117;-73,71865845
81,54296875;-74,42134094
81,57348633;-66,26502991
81,60400391;-65,58773041
81,63452148;-66,75553131
81,66503906;-63,62417221
81,69555664;-62,15103149
81,72607422;-63,53580093
81,75659180;-64,73120117
81,78710938;-64,23836517
81,81762695;-66,68990326
81,84814453;-72,63942719
81,87866211;-65,81749725
81,90917969;-63,68822479
81,93969727;-64,64097595
81,97021484;-65,41979980
82,00073242;-66,14144135
82,03125000;-68,07736206
82,06176758;-71,41271973
82,09228516;-77,74381256
82,12280273;-91,68464661
82,15332031;-81,13732910
82,18383789;-75,68196106
82,21435547;-70,92158508
82,24487305;-66,85753632
82,27539062;-65,00527191
82,30590820;-65,20989227
82,33642578;-64,33264160
82,36694336;-62,65716934
82,39746094;-63,18464661
82,42797852;-67,86955261
82,45849609;-91,67832184
82,48901367;-69,09489441
82,51953125;-67,69098663
82,55004883;-67,17181396
82,58056641;-64,18687439
82,61108398;-63,57475281
82,64160156;-66,78253937
82,67211914;-75,04917145
82,70263672;-70,97966003
82,73315430;-67,49243927
82,76367188;-65,51979828
82,79418945;-64,19156647
82,82470703;-62,84779358
82,85522461;-62,26223755
82,88574219;-63,57788849
82,91625977;-65,14922333
82,94677734;-64,00000763
82,97729492;-63,64205933
83,00781250;-65,54953766
83,03833008;-67,99169159
83,06884766;-67,64279175
83,09936523;-65,27362823
83,12988281;-63,54038239
83,16040039;-63,61661530
83,19091797;-65,83206940
83,22143555;-69,87454224
83,25195312;-71,68388367
83,28247070;-68,29561615
83,31298828;-65,45304108
83,34350586;-65,61127472
83,37402344;-70,15660858
83,40454102;-84,69238281
83,43505859;-87,89680481
83,46557617;-75,37518311
83,49609375;-68,71769714
83,52661133;-67,21214294
83,55712891;-67,93299866
83,58764648;-69,06353760
83,61816406;-71,40009308
83,64868164;-75,28575134
83,67919922;-77,95031738
83,70971680;-75,92568970
83,74023438;-73,42993164
83,77075195;-69,67677307
83,80126953;-65,84919739
83,83178711;-64,94032288
83,86230469;-67,25076294
83,89282227;-72,85189056
83,92333984;-71,11045074
83,95385742;-62,15054321
83,98437500;-58,40841675
84,01489258;-58,10570526
84,04541016;-60,24764633
84,07592773;-62,20114899
84,10644531;-62,86900330
84,13696289;-64,53269958
84,16748047;-64,78821564
84,19799805;-63,91310120
84,22851562;-62,56335831
84,25903320;-61,02399445
84,28955078;-62,05398941
84,32006836;-66,56664276
84,35058594;-70,42839813
84,38110352;-67,85652924
84,41162109;-66,10692596
84,44213867;-64,39145660
84,47265625;-61,46839523
84,50317383;-58,85452271
84,53369141;-58,03440475
84,56420898;-59,44500732
84,59472656;-63,03263855
84,62524414;-65,89505005
84,65576172;-65,70069122
84,68627930;-65,78057861
84,71679688;-63,98041534
84,74731445;-62,57495499
84,77783203;-63,78065491
84,80834961;-68,86489105
84,83886719;-96,93869781
84,86938477;-69,53227234
84,89990234;-65,23556519
84,93041992;-64,31118774
84,96093750;-65,82865906
84,99145508;-68,35813141
85,02197266;-66,89122009
85,05249023;-64,54257202
85,08300781;-64,51969147
85,11352539;-67,95849609
85,14404297;-73,29167938
85,17456055;-70,96549988
85,20507812;-68,76797485
85,23559570;-64,32071686
85,26611328;-60,39241409
85,29663086;-58,81447220
85,32714844;-59,55261993
85,35766602;-62,53152847
85,38818359;-69,29618835
85,41870117;-79,62610626
85,44921875;-65,50582123
85,47973633;-61,76347351
85,51025391;-61,53084564
85,54077148;-64,16491699
85,57128906;-67,70055389
85,60180664;-66,65162659
85,63232422;-65,27246094
85,66284180;-67,61117554
85,69335938;-76,66410065
85,72387695;-74,12480927
85,75439453;-66,16408539
85,78491211;-58,29703522
85,81542969;-54,37419128
85,84594727;-53,78565979
85,87646484;-56,37751770
85,90698242;-62,66107941
85,93750000;-76,63289642
85,96801758;-69,82376099
85,99853516;-62,98052979
86,02905273;-61,17354584
86,05957031;-62,20242310
86,09008789;-64,80799866
86,12060547;-67,72091675
86,15112305;-70,01435089
86,18164062;-72,22501373
86,21215820;-72,99145508
86,24267578;-71,55398560
86,27319336;-71,27108002
86,30371094;-66,17233276
86,33422852;-62,58614349
86,36474609;-61,07299042
86,39526367;-59,82936096
86,42578125;-59,48970413
86,45629883;-61,22357178
86,48681641;-66,13671875
86,51733398;-75,66381836
86,54785156;-74,56083679
86,57836914;-72,43280792
86,60888672;-72,89067841
86,63940430;-82,60283661
86,66992188;-69,83201599
86,70043945;-63,09242630
86,73095703;-61,22097397
86,76147461;-62,99269867
86,79199219;-68,51582336
86,82250977;-74,71708679
86,85302734;-71,91957855
86,88354492;-70,22101593
86,91406250;-71,59146118
86,94458008;-75,22972107
86,97509766;-67,59169769
87,00561523;-62,95533752
87,03613281;-61,50478745
87,06665039;-62,07938766
87,09716797;-63,70034790
87,12768555;-65,36351776
87,15820312;-67,13430786
87,18872070;-69,96847534
87,21923828;-75,98654938
87,24975586;-75,04553223
87,28027344;-70,28123474
87,31079102;-69,53980255
87,34130859;-69,99579620
87,37182617;-69,46753693
87,40234375;-67,33708191
87,43286133;-64,60440063
87,46337891;-62,84635925
87,49389648;-63,07201767
87,52441406;-63,71990585
87,55493164;-61,35001373
87,58544922;-58,95228577
87,61596680;-58,53430176
87,64648438;-60,81677246
87,67700195;-67,89702606
87,70751953;-71,28105927
87,73803711;-66,34840393
87,76855469;-64,94663239
87,79907227;-62,25201035
87,82958984;-61,02602005
87,86010742;-62,48757172
87,89062500;-67,04708862
87,92114258;-78,08833313
87,95166016;-81,23142242
87,98217773;-80,39291382
88,01269531;-67,95038605
88,04321289;-63,10559082
88,07373047;-62,98673630
88,10424805;-66,19427490
88,13476562;-68,72041321
88,16528320;-68,47898865
88,19580078;-69,65522003
88,22631836;-71,63099670
88,25683594;-72,86904144
88,28735352;-70,50121307
88,31787109;-65,30721283
88,34838867;-61,97228241
88,37890625;-60,46329880
88,40942383;-60,47912216
88,43994141;-62,22442245
88,47045898;-66,23592377
88,50097656;-72,96414185
88,53149414;-77,53705597
88,56201172;-73,10102844
88,59252930;-68,48986053
88,62304688;-65,80171204
88,65356445;-64,59390259
88,68408203;-64,89601898
88,71459961;-66,50565338
88,74511719;-65,65112305
88,77563477;-61,51062012
88,80615234;-59,30926895
88,83666992;-60,22815704
88,86718750;-64,54058838
88,89770508;-68,05830383
88,92822266;-63,28807831
88,95874023;-59,03369141
88,98925781;-58,37622070
89,01977539;-61,95087433
89,05029297;-70,68152618
89,08081055;-80,47988129
89,11132812;-67,41854858
89,14184570;-63,28583145
89,17236328;-63,84761047
89,20288086;-64,45851135
89,23339844;-62,49871826
89,26391602;-62,11545944
89,29443359;-63,00950623
89,32495117;-64,17329407
89,35546875;-68,39533997
89,38598633;-77,73098755
89,41650391;-65,98122406
89,44702148;-62,82836914
89,47753906;-62,95543671
89,50805664;-64,34593964
89,53857422;-64,78793335
89,56909180;-65,03186035
89,59960938;-65,97367096
89,63012695;-66,56172943
89,66064453;-66,68717194
89,69116211;-68,29026794
89,72167969;-70,41735840
89,75219727;-67,20742035
89,78271484;-64,10071564
89,81323242;-63,35285568
89,84375000;-63,30364990
89,87426758;-58,95320892
89,90478516;-55,64228439
89,93530273;-55,60852814
89,96582031;-58,75373459
89,99633789;-64,50424957
90,02685547;-69,70036316
90,05737305;-70,26505280
90,08789062;-68,49074554
90,11840820;-65,80339050
90,14892578;-64,67624664
90,17944336;-66,04795837
90,20996094;-69,49736023
90,24047852;-75,13576508
90,27099609;-74,53499603
90,30151367;-66,67725372
90,33203125;-63,80045319
90,36254883;-65,16468811
90,39306641;-67,60266113
90,42358398;-64,02753448
90,45410156;-62,81333160
90,48461914;-64,30660248
90,51513672;-66,17034149
90,54565430;-65,70699310
90,57617188;-63,70491028
90,60668945;-62,37452698
90,63720703;-62,45447540
90,66772461;-65,01420593
90,69824219;-75,61079407
90,72875977;-68,96721649
90,75927734;-60,81707764
90,78979492;-57,03500366
90,82031250;-55,35014725
90,85083008;-55,46505737
90,88134766;-57,33056641
90,91186523;-61,08697891
90,94238281;-68,23789978
90,97290039;-81,09025574
91,00341797;-68,62644958
91,03393555;-66,10563660
91,06445312;-65,71282959
91,09497070;-65,43542480
91,12548828;-65,86547089
91,15600586;-67,20469666
91,18652344;-69,03675079
91,21704102;-66,07857513
91,24755859;-62,76120758
91,27807617;-62,76971817
91,30859375;-65,05792236
91,33911133;-67,78425598
91,36962891;-70,67434692
91,40014648;-74,41802216
91,43066406;-71,80551910
91,46118164;-68,32212067
91,49169922;-68,87815857
91,52221680;-76,37726593
91,55273438;-69,70709229
91,58325195;-64,95718384
91,61376953;-64,45309448
91,64428711;-66,20227814
91,67480469;-68,81715393
91,70532227;-69,59654236
91,73583984;-68,89185333
91,76635742;-68,80414581
91,79687500;-68,45312500
91,82739258;-65,86093903
91,85791016;-62,08683395
91,88842773;-59,54044724
91,91894531;-59,45293427
91,94946289;-62,75662994
91,97998047;-66,43820190
92,01049805;-62,82317734
92,04101562;-61,98823929
92,07153320;-64,51126862
92,10205078;-70,01338196
92,13256836;-74,89122009
92,16308594;-72,69239044
92,19360352;-69,71650696
92,22412109;-68,55076599
92,25463867;-64,96472168
92,28515625;-61,11466980
92,31567383;-59,84098434
92,34619141;-60,53565979
92,37670898;-62,00875092
92,40722656;-62,91433334
92,43774414;-63,43982315
92,46826172;-64,63874817
92,49877930;-65,95402527
92,52929688;-66,42823029
92,55981445;-67,29691315
92,59033203;-70,70173645
92,62084961;-71,00088501
92,65136719;-66,48809052
92,68188477;-64,64655304
92,71240234;-64,49000549
92,74291992;-65,81355286
92,77343750;-70,97924042
92,80395508;-82,14522552
92,83447266;-67,40010071
92,86499023;-64,48445129
92,89550781;-65,09449768
92,92602539;-65,49684906
92,95654297;-62,97909546
92,98706055;-61,62101746
93,01757812;-62,69493866
93,04809570;-65,68395996
93,07861328;-69,36320496
93,10913086;-76,86385345
93,13964844;-79,44741058
93,17016602;-76,27769470
93,20068359;-78,27854919
93,23120117;-65,88614655
93,26171875;-61,81311798
93,29223633;-61,65512848
93,32275391;-63,80050278
93,35327148;-64,31042480
93,38378906;-63,82147980
93,41430664;-64,66211700
93,44482422;-65,47850800
93,47534180;-65,62808228
93,50585938;-68,24314117
93,53637695;-70,05640411
93,56689453;-66,63216400
93,59741211;-66,50584412
93,62792969;-66,02009583
93,65844727;-63,41806793
93,68896484;-61,39533615
93,71948242;-60,62768936
93,75000000;-61,20283127
93,78051758;-63,39244461
93,81103516;-67,11641693
93,84155273;-71,14018250
93,87207031;-72,18869781
93,90258789;-69,67568207
93,93310547;-68,26815796
93,96362305;-71,19738770
93,99414062;-73,55493164
94,02465820;-66,14975739
94,05517578;-64,19897461
94,08569336;-65,88357544
94,11621094;-67,67958832
94,14672852;-66,24266052
94,17724609;-69,35989380
94,20776367;-78,42420959
94,23828125;-69,17507935
94,26879883;-69,18465424
94,29931641;-66,69007874
94,32983398;-64,46945953
94,36035156;-65,84997559
94,39086914;-68,49774170
94,42138672;-65,92125702
94,45190430;-63,58486557
94,48242188;-63,74408340
94,51293945;-64,27466583
94,54345703;-63,79826355
94,57397461;-63,78130341
94,60449219;-64,27094269
94,63500977;-65,19940186
94,66552734;-66,56385040
94,69604492;-66,66979218
94,72656250;-65,63745117
94,75708008;-65,60762024
94,78759766;-66,73780060
94,81811523;-68,19580841
94,84863281;-68,28900909
94,87915039;-66,19171906
94,90966797;-63,20178223
94,94018555;-60,54881668
94,97070312;-59,24034119
95,00122070;-59,87817383
95,03173828;-62,52696991
95,06225586;-65,83668518
95,09277344;-67,61192322
95,12329102;-71,30143738
95,15380859;-83,23417664
95,18432617;-68,92424774
95,21484375;-65,21752930
95,24536133;-64,59094238
95,27587891;-63,22312927
95,30639648;-60,66056061
95,33691406;-59,68433380
95,36743164;-61,24705887
95,39794922;-65,49544525
95,42846680;-71,80712891
95,45898438;-78,09062195
95,48950195;-73,52362061
95,52001953;-66,46716309
95,55053711;-63,51028061
95,58105469;-62,89074707
95,61157227;-62,84495544
95,64208984;-63,71215820
95,67260742;-65,83235931
95,70312500;-68,20323181
95,73364258;-71,98847961
95,76416016;-70,21929169
95,79467773;-60,46736908
95,82519531;-56,23239899
95,85571289;-55,42688370
95,88623047;-57,14801788
95,91674805;-59,41821289
95,94726562;-59,87902069
95,97778320;-61,37991333
96,00830078;-63,24153519
96,03881836;-60,26544571
96,06933594;-58,19734192
96,09985352;-58,11726379
96,13037109;-59,28863525
96,16088867;-61,35934830
96,19140625;-64,01573944
96,22192383;-65,80950165
96,25244141;-64,71456146
96,28295898;-62,22220993
96,31347656;-60,74627304
96,34399414;-60,68970490
96,37451172;-61,49224091
96,40502930;-63,04046631
96,43554688;-65,83395386
96,46606445;-69,80948639
96,49658203;-68,88757324
96,52709961;-67,76489258
96,55761719;-70,70448303
96,58813477;-66,93894196
96,61865234;-63,90046692
96,64916992;-64,58031464
96,67968750;-67,70891571
96,71020508;-73,41210938
96,74072266;-71,84869385
96,77124023;-64,22144318
96,80175781;-61,03221893
96,83227539;-60,95681763
96,86279297;-63,83155441
96,89331055;-72,56351471
96,92382812;-74,56120300
96,95434570;-67,93785858
96,98486328;-68,36708069
97,01538086;-67,93692780
97,04589844;-65,81921387
97,07641602;-65,59834290
97,10693359;-65,93809509
97,13745117;-65,80735779
97,16796875;-63,95058060
97,19848633;-60,62824249
97,22900391;-58,41152573
97,25952148;-57,70743942
97,29003906;-57,76538467
97,32055664;-58,30672455
97,35107422;-60,04141998
97,38159180;-62,72755432
97,41210938;-63,67754364
97,44262695;-63,08489990
97,47314453;-63,75707626
97,50366211;-65,92701721
97,53417969;-66,61858368
97,56469727;-64,81932068
97,59521484;-64,02500153
97,62573242;-64,02261353
97,65625000;-63,56575012
97,68676758;-64,66172791
97,71728516;-68,88779449
97,74780273;-73,67623901
97,77832031;-71,81208801
97,80883789;-69,82037354
97,83935547;-65,66900635
97,86987305;-62,71064758
97,90039062;-63,16560745
97,93090820;-66,56334686
97,96142578;-69,01355743
97,99194336;-69,21388245
98,02246094;-66,22168732
98,05297852;-63,23230743
98,08349609;-62,64968872
98,11401367;-64,65883636
98,14453125;-65,45433044
98,17504883;-62,94017410
98,20556641;-62,61894608
98,23608398;-63,50946808
98,26660156;-63,24045181
98,29711914;-64,30052185
98,32763672;-70,06337738
98,35815430;-74,92060852
98,38867188;-65,98397064
98,41918945;-64,26477051
98,44970703;-66,76058960
98,48022461;-73,25859833
98,51074219;-76,74092102
98,54125977;-76,65795898
98,57177734;-77,23600006
98,60229492;-76,16196442
98,63281250;-76,81544495
98,66333008;-75,78166199
98,69384766;-75,52649689
98,72436523;-74,29067993
98,75488281;-68,02377319
98,78540039;-67,53791046
98,81591797;-67,44290924
98,84643555;-61,60796738
98,87695312;-58,79049301
98,90747070;-58,42041016
98,93798828;-59,39485168
98,96850586;-61,61421967
98,99902344;-66,72950745
99,02954102;-79,33196259
99,06005859;-72,52026367
99,09057617;-72,80637360
99,12109375;-79,11376953
99,15161133;-77,71186066
99,18212891;-76,56890106
99,21264648;-79,28754425
99,24316406;-88,53614044
99,27368164;-69,42858887
99,30419922;-63,09759521
99,33471680;-60,27751541
99,36523438;-59,84962845
99,39575195;-61,81362152
99,42626953;-66,43938446
99,45678711;-71,77929688
99,48730469;-74,25686646
99,51782227;-80,37825775
99,54833984;-88,43600464
99,57885742;-79,81818390
99,60937500;-76,86631012
99,63989258;-70,32782745
99,67041016;-67,52325439
99,70092773;-68,48479462
99,73144531;-66,14081573
99,76196289;-62,96181107
99,79248047;-64,11811829
99,82299805;-66,90982056
99,85351562;-59,05764771
99,88403320;-54,72919464
99,91455078;-53,79378510
99,94506836;-55,25825119
99,97558594;-57,98723602
100,00610352;-61,30111313
100,03662109;-67,83036804
100,06713867;-73,27376556
100,09765625;-63,52123260
100,12817383;-61,93521500
100,15869141;-64,29260254
100,18920898;-70,09018707
100,21972656;-78,04316711
100,25024414;-80,55850220
100,28076172;-74,77758789
100,31127930;-66,53266144
100,34179688;-62,22617340
100,37231445;-61,01316071
100,40283203;-61,79653168
100,43334961;-63,03955460
100,46386719;-63,93444824
100,49438477;-64,87306976
100,52490234;-66,23192596
100,55541992;-68,53620911
100,58593750;-72,58971405
100,61645508;-71,34709167
100,64697266;-66,20314789
100,67749023;-63,94315338
100,70800781;-63,60712433
100,73852539;-63,54822159
100,76904297;-63,23368835
100,79956055;-64,31898499
100,83007812;-68,91155243
100,86059570;-77,24614716
100,89111328;-71,61994171
100,92163086;-68,81481934
100,95214844;-66,72593689
100,98266602;-64,28730774
101,01318359;-62,05549622
101,04370117;-61,37822723
101,07421875;-62,59973907
101,10473633;-65,68577576
101,13525391;-69,83352661
101,16577148;-69,12342834
101,19628906;-68,55632019
101,22680664;-72,60141754
101,25732422;-77,71281433
101,28784180;-73,73249817
101,31835938;-71,59088898
101,34887695;-66,26778412
101,37939453;-62,25624466
101,40991211;-60,94992065
101,44042969;-62,21246719
101,47094727;-65,28823090
101,50146484;-67,85861206
101,53198242;-70,45599365
101,56250000;-70,26726532
101,59301758;-66,87255859
101,62353516;-67,28334045
101,65405273;-74,99847412
101,68457031;-70,54943085
101,71508789;-64,01080322
101,74560547;-61,70642471
101,77612305;-61,27833939
101,80664062;-62,07386017
101,83715820;-63,47758484
101,86767578;-66,00737000
101,89819336;-72,93612671
101,92871094;-84,31075287
101,95922852;-73,98649597
101,98974609;-69,52268982
102,02026367;-66,03588867
102,05078125;-66,89513397
102,08129883;-75,52838898
102,11181641;-69,34786987
102,14233398;-65,68817902
102,17285156;-69,01701355
102,20336914;-75,02874756
102,23388672;-65,58554840
102,26440430;-63,07681274
102,29492188;-62,99497986
102,32543945;-62,67997742
102,35595703;-63,08603287
102,38647461;-67,69441223
102,41699219;-74,98051453
102,44750977;-65,04596710
102,47802734;-62,77878571
102,50854492;-63,06758881
102,53906250;-63,17763519
102,56958008;-61,59226227
102,60009766;-60,76615906
102,63061523;-62,69311905
102,66113281;-69,28271484
102,69165039;-76,06787109
102,72216797;-70,67324829
102,75268555;-72,45329285
102,78320312;-66,50791931
102,81372070;-62,00793457
102,84423828;-60,98717499
102,87475586;-62,26462555
102,90527344;-65,47014618
102,93579102;-73,15444183
102,96630859;-72,36642456
102,99682617;-64,82476044
103,02734375;-62,34683609
103,05786133;-60,73436737
103,08837891;-59,67092133
103,11889648;-60,38687134
103,14941406;-63,51465225
103,17993164;-70,41876221
103,21044922;-87,12589264
103,24096680;-84,39846039
103,27148438;-85,85227203
103,30200195;-74,98909760
103,33251953;-71,40782166
103,36303711;-70,99931335
103,39355469;-74,68095398
103,42407227;-79,46101379
103,45458984;-69,92121887
103,48510742;-66,30036163
103,51562500;-67,27005768
103,54614258;-77,49288940
103,57666016;-68,91692352
103,60717773;-64,63001251
103,63769531;-65,90661621
103,66821289;-68,80259705
103,69873047;-68,21234894
103,72924805;-67,39119720
103,75976562;-66,59302521
103,79028320;-65,11362457
103,82080078;-64,12532043
103,85131836;-64,53001404
103,88183594;-65,27144623
103,91235352;-63,24817276
103,94287109;-59,15741730
103,97338867;-56,44756699
104,00390625;-56,02914810
104,03442383;-57,71730042
104,06494141;-61,61051941
104,09545898;-70,70914459
104,12597656;-75,36523438
104,15649414;-67,93317413
104,18701172;-67,60116577
104,21752930;-69,04578400
104,24804688;-68,24401855
104,27856445;-65,74879456
104,30908203;-65,49577332
104,33959961;-68,49832916
104,37011719;-75,05752563
104,40063477;-89,81362152
104,43115234;-81,82654572
104,46166992;-73,52416229
104,49218750;-72,48117065
104,52270508;-82,27374268
104,55322266;-65,14437103
104,58374023;-59,79775238
104,61425781;-59,07808304
104,64477539;-62,50921631
104,67529297;-71,72425842
104,70581055;-74,11763000
104,73632812;-72,09727478
104,76684570;-70,11643982
104,79736328;-67,37617493
104,82788086;-65,30974579
104,85839844;-63,72543335
104,88891602;-61,89015961
104,91943359;-61,51782990
104,94995117;-62,82247925
104,98046875;-64,19148254
105,01098633;-65,80612183
105,04150391;-71,52674866
105,07202148;-73,74517059
105,10253906;-65,32338715
105,13305664;-63,83449936
105,16357422;-65,05074310
105,19409180;-67,39823914
105,22460938;-69,78736115
105,25512695;-69,04252625
105,28564453;-67,70129395
105,31616211;-67,19939423
105,34667969;-67,21794128
105,37719727;-68,62519073
105,40771484;-71,74752808
105,43823242;-74,50792694
105,46875000;-76,38746643
105,49926758;-79,24555969
105,52978516;-72,64390564
105,56030273;-69,96048737
105,59082031;-68,56297302
105,62133789;-65,23785400
105,65185547;-62,07794571
105,68237305;-60,03647232
105,71289062;-59,56360245
105,74340820;-60,97954178
105,77392578;-61,37659073
105,80444336;-60,11716461
105,83496094;-61,78578186
105,86547852;-66,00584412
105,89599609;-66,81010437
105,92651367;-68,30704498
105,95703125;-72,42330933
105,98754883;-78,72181702
106,01806641;-76,96853638
106,04858398;-71,77694702
106,07910156;-69,93000793
106,10961914;-70,02336121
106,14013672;-72,14837646
106,17065430;-71,90677643
106,20117188;-69,81858826
106,23168945;-70,86429596
106,26220703;-65,49318695
106,29272461;-60,59561920
106,32324219;-59,98920441
106,35375977;-63,84222031
106,38427734;-75,17216492
106,41479492;-81,64733887
106,44531250;-72,79211426
106,47583008;-67,23316956
106,50634766;-64,87442780
106,53686523;-65,06639099
106,56738281;-66,29900360
106,59790039;-66,82595062
106,62841797;-66,78421783
106,65893555;-65,98003387
106,68945312;-65,07316589
106,71997070;-64,92169189
106,75048828;-65,77957153
106,78100586;-68,02464294
106,81152344;-69,59023285
106,84204102;-67,18608856
106,87255859;-66,99974823
106,90307617;-71,36359406
106,93359375;-70,03571320
106,96411133;-67,24145508
106,99462891;-68,10285950
107,02514648;-68,08168030
107,05566406;-64,02873993
107,08618164;-60,66009903
107,11669922;-60,00156784
107,14721680;-61,08948135
107,17773438;-61,67526627
107,20825195;-62,10795593
107,23876953;-64,03245544
107,26928711;-66,06181335
107,29980469;-66,42385101
107,33032227;-66,82325745
107,36083984;-68,63820648
107,39135742;-69,48863220
107,42187500;-67,22791290
107,45239258;-64,75919342
107,48291016;-62,31132507
107,51342773;-61,04965210
107,54394531;-62,53169250
107,57446289;-68,05171967
107,60498047;-67,97726440
107,63549805;-63,27262878
107,66601562;-61,45709991
107,69653320;-60,70872879
107,72705078;-60,28530884
107,75756836;-60,99316406
107,78808594;-63,76390076
107,81860352;-69,35694885
107,84912109;-74,83209229
107,87963867;-70,48611450
107,91015625;-67,85526276
107,94067383;-69,18643188
107,97119141;-87,23321533
108,00170898;-68,25834656
108,03222656;-65,09205627
108,06274414;-69,36000061
108,09326172;-66,68597412
108,12377930;-61,31717682
108,15429688;-60,45149994
108,18481445;-62,29601288
108,21533203;-65,30604553
108,24584961;-66,89233398
108,27636719;-66,32441711
108,30688477;-66,18474579
108,33740234;-64,35522461
108,36791992;-59,80043030
108,39843750;-57,25145721
108,42895508;-56,84339905
108,45947266;-57,46524811
108,48999023;-58,16154099
108,52050781;-59,19126892
108,55102539;-61,56761169
108,58154297;-65,40088654
108,61206055;-67,36701202
108,64257812;-67,69880676
108,67309570;-65,80168152
108,70361328;-63,03408051
108,73413086;-62,73198700
108,76464844;-65,17628479
108,79516602;-69,93032074
108,82568359;-73,69090271
108,85620117;-73,41445923
108,88671875;-67,56022644
108,91723633;-61,70391846
108,94775391;-59,00941467
108,97827148;-59,11640930
109,00878906;-61,41903687
109,03930664;-64,12646484
109,06982422;-65,59735107
109,10034180;-67,36428070
109,13085938;-70,42884827
109,16137695;-73,47731018
109,19189453;-67,52135468
109,22241211;-62,87231827
109,25292969;-60,74413681
109,28344727;-59,94982147
109,31396484;-59,83980560
109,34448242;-60,84666443
109,37500000;-64,15782928
109,40551758;-71,28427124
109,43603516;-79,75582886
109,46655273;-74,51824951
109,49707031;-65,04879761
109,52758789;-60,23765564
109,55810547;-58,37250137
109,58862305;-58,69056702
109,61914062;-61,20364380
109,64965820;-66,50617981
109,68017578;-72,92456818
109,71069336;-69,40338898
109,74121094;-66,53559875
109,77172852;-67,70687866
109,80224609;-77,88584137
109,83276367;-62,50363159
109,86328125;-56,82999039
109,89379883;-55,49246979
109,92431641;-57,49603271
109,95483398;-62,81832886
109,98535156;-68,89629364
110,01586914;-68,14537811
110,04638672;-66,92456055
110,07690430;-67,27965546
110,10742188;-69,08933258
110,13793945;-72,04955292
110,16845703;-78,78717041
110,19897461;-81,22796631
110,22949219;-70,64549255
110,26000977;-68,09723663
110,29052734;-69,78562164
110,32104492;-73,86708832
110,35156250;-77,06520844
110,38208008;-74,94287109
110,41259766;-68,97932434
110,44311523;-69,23154449
110,47363281;-77,70397949
110,50415039;-81,08191681
110,53466797;-76,42224121
110,56518555;-79,81260681
110,59570312;-73,66049957
110,62622070;-71,73595428
110,65673828;-74,57088470
110,68725586;-67,55934143
110,71777344;-62,88566208
110,74829102;-60,99028778
110,77880859;-58,15040207
110,80932617;-54,64879990
110,83984375;-53,60431671
110,87036133;-55,81594467
110,90087891;-62,19836807
110,93139648;-79,19240570
110,96191406;-77,31209564
110,99243164;-76,12899017
111,02294922;-65,67433167
111,05346680;-61,95842361
111,08398438;-62,23554993
111,11450195;-65,52896881
111,14501953;-68,51179504
111,17553711;-65,72360992
111,20605469;-64,06160736
111,23657227;-65,51824951
111,26708984;-71,66563416
111,29760742;-78,24218750
111,32812500;-67,42615509
111,35864258;-64,26622009
111,38916016;-65,12783051
111,41967773;-70,20500946
111,45019531;-68,33232117
111,48071289;-64,10032654
111,51123047;-63,43675232
111,54174805;-65,33354950
111,57226562;-68,85369110
111,60278320;-70,61015320
111,63330078;-70,46116638
111,66381836;-68,95800781
111,69433594;-65,63512421
111,72485352;-62,55541229
111,75537109;-61,19824982
111,78588867;-62,68593597
111,81640625;-68,29146576
111,84692383;-85,20858765
111,87744141;-76,58708191
111,90795898;-70,10607910
111,93847656;-66,84944916
111,96899414;-65,62008667
111,99951172;-64,48587799
112,03002930;-63,28614044
112,06054688;-64,73350525
112,09106445;-66,77681732
112,12158203;-62,36491776
112,15209961;-60,09822464
112,18261719;-61,12805176
112,21313477;-65,69697571
112,24365234;-73,05481720
112,27416992;-70,37796783
112,30468750;-69,39535522
112,33520508;-71,16037750
112,36572266;-75,60011292
112,39624023;-77,42765045
112,42675781;-68,10334778
112,45727539;-64,56503296
112,48779297;-64,59158325
112,51831055;-66,74485016
112,54882812;-68,55814362
112,57934570;-68,41562653
112,60986328;-66,93062592
112,64038086;-65,03012085
112,67089844;-64,14985657
112,70141602;-65,08860779
112,73193359;-66,30107880
112,76245117;-66,32659912
112,79296875;-65,32350159
112,82348633;-61,61364746
112,85400391;-59,56762695
112,88452148;-59,76270294
112,91503906;-60,66684723
112,94555664;-61,03363800
112,97607422;-61,76146698
113,00659180;-65,07278442
113,03710938;-73,42869568
113,06762695;-71,97521973
113,09814453;-70,06367493
113,12866211;-68,77790833
113,15917969;-66,43962097
113,18969727;-65,97373199
113,22021484;-65,28517914
113,25073242;-63,55999374
113,28125000;-63,29982758
113,31176758;-65,45276642
113,34228516;-71,84043884
113,37280273;-80,70191956
113,40332031;-75,12615204
113,43383789;-78,61688995
113,46435547;-71,71823883
113,49487305;-68,27562714
113,52539062;-67,36697388
113,55590820;-65,44120026
113,58642578;-62,51821899
113,61694336;-60,29914856
113,64746094;-59,73095322
113,67797852;-61,85956955
113,70849609;-69,55401611
113,73901367;-75,66510010
113,76953125;-68,25661469
113,80004883;-66,43250275
113,83056641;-67,51260376
113,86108398;-74,17938995
113,89160156;-67,83090210
113,92211914;-58,53952789
113,95263672;-53,98124313
113,98315430;-52,87355042
114,01367188;-54,27668762
114,04418945;-57,09858704
114,07470703;-60,25663757
114,10522461;-63,45004272
114,13574219;-66,00690460
114,16625977;-65,62682343
114,19677734;-65,01953125
114,22729492;-66,57839203
114,25781250;-71,85703278
114,28833008;-76,60027313
114,31884766;-72,91265869
114,34936523;-76,30149841
114,37988281;-72,40480804
114,41040039;-66,49267578
114,44091797;-65,87282562
114,47143555;-66,56533051
114,50195312;-62,67764664
114,53247070;-59,63264465
114,56298828;-58,77369308
114,59350586;-59,79851532
114,62402344;-62,82456207
114,65454102;-67,53434753
114,68505859;-69,56864166
114,71557617;-68,75274658
114,74609375;-69,27044678
114,77661133;-71,15004730
114,80712891;-71,01746368
114,83764648;-68,99099731
114,86816406;-67,46627808
114,89868164;-66,75515747
114,92919922;-66,44284058
114,95971680;-66,97814941
114,99023438;-68,92601776
115,02075195;-71,45800781
115,05126953;-74,59661865
115,08178711;-74,13496399
115,11230469;-69,35685730
115,14282227;-67,77027893
115,17333984;-69,64182281
115,20385742;-73,85959625
115,23437500;-69,12104797
115,26489258;-65,04577637
115,29541016;-63,91225433
115,32592773;-65,14348602
115,35644531;-68,87216187
115,38696289;-75,90765381
115,41748047;-71,74736786
115,44799805;-67,94347382
115,47851562;-67,88602448
115,50903320;-68,19752502
115,53955078;-66,71360779
115,57006836;-65,50677490
115,60058594;-65,77813721
115,63110352;-67,85096741
115,66162109;-68,22114563
115,69213867;-66,10604858
115,72265625;-66,39938354
115,75317383;-72,48442841
115,78369141;-72,90871429
115,81420898;-64,94349670
115,84472656;-63,22039032
115,87524414;-64,46168518
115,90576172;-67,34206390
115,93627930;-71,39768982
115,96679688;-76,11166382
115,99731445;-79,37086487
116,02783203;-69,61238098
116,05834961;-63,43078613
116,08886719;-61,71228027
116,11938477;-62,75271606
116,14990234;-64,19522858
116,18041992;-63,43252182
116,21093750;-61,18890762
116,24145508;-59,36820221
116,27197266;-58,89540863
116,30249023;-60,34169769
116,33300781;-64,28118134
116,36352539;-70,52049255
116,39404297;-72,11067963
116,42456055;-71,83959961
116,45507812;-74,48359680
116,48559570;-75,07046509
116,51611328;-74,32707977
116,54663086;-78,15375519
116,57714844;-75,25808716
116,60766602;-75,30812073
116,63818359;-88,41765594
116,66870117;-72,37583160
116,69921875;-69,07650757
116,72973633;-72,62675476
116,76025391;-71,51005554
116,79077148;-62,53636169
116,82128906;-59,36239243
116,85180664;-59,30716705
116,88232422;-61,03185272
116,91284180;-62,25213623
116,94335938;-61,05188370
116,97387695;-59,53757858
117,00439453;-59,72280502
117,03491211;-62,28305435
117,06542969;-66,26038361
117,09594727;-66,65602875
117,12646484;-66,77490997
117,15698242;-70,59892273
117,18750000;-78,48413086
117,21801758;-73,26889038
117,24853516;-72,27017212
117,27905273;-81,08715057
117,30957031;-73,41557312
117,34008789;-65,15618896
117,37060547;-62,18161011
117,40112305;-61,92534637
117,43164062;-61,79941177
117,46215820;-61,11599731
117,49267578;-62,73006821
117,52319336;-68,73564148
117,55371094;-82,51602936
117,58422852;-72,81317139
117,61474609;-69,08013916
117,64526367;-69,39643860
117,67578125;-68,20103455
117,70629883;-64,64508057
117,73681641;-64,87815857
117,76733398;-69,96100616
117,79785156;-78,63829803
117,82836914;-71,04351044
117,85888672;-65,90058899
117,88940430;-63,49966049
117,91992188;-62,84061432
117,95043945;-63,16789246
117,98095703;-63,12738037
118,01147461;-61,39036179
118,04199219;-60,85574341
118,07250977;-62,84024048
118,10302734;-65,90361023
118,13354492;-65,45101929
118,16406250;-61,84439087
118,19458008;-59,24217606
118,22509766;-58,88837814
118,25561523;-61,08641052
118,28613281;-65,00003815
118,31665039;-64,07280731
118,34716797;-62,11019516
118,37768555;-62,86240387
118,40820312;-65,93649292
118,43872070;-67,51487732
118,46923828;-65,75327301
118,49975586;-65,42181396
118,53027344;-66,98687744
118,56079102;-70,22450256
118,59130859;-77,13000488
118,62182617;-76,51716614
118,65234375;-74,37062073
118,68286133;-79,84831238
118,71337891;-72,58775330
118,74389648;-68,16855621
118,77441406;-66,72770691
118,80493164;-66,40008545
118,83544922;-66,17211151
118,86596680;-64,47206116
118,89648438;-62,20408630
118,92700195;-61,02959442
118,95751953;-60,69038773
118,98803711;-61,59980774
119,01855469;-63,59410095
119,04907227;-64,73760986
119,07958984;-66,13160706
119,11010742;-67,69593048
119,14062500;-66,50047302
119,17114258;-64,47273254
119,20166016;-64,68596649
119,23217773;-66,26847839
119,26269531;-63,83680725
119,29321289;-60,94173813
119,32373047;-59,68471527
119,35424805;-59,90074158
119,38476562;-62,14658737
119,41528320;-69,16587067
119,44580078;-76,35222626
119,47631836;-66,33326721
119,50683594;-66,12951660
119,53735352;-71,30941772
119,56787109;-78,67346191
119,59838867;-74,57011414
119,62890625;-68,89013672
119,65942383;-63,88150024
119,68994141;-61,59914398
119,72045898;-61,86007690
119,75097656;-64,09997559
119,78149414;-66,26330566
119,81201172;-65,72592926
119,84252930;-64,37951660
119,87304688;-64,61716461
119,90356445;-67,52783966
119,93408203;-63,95080566
119,96459961;-59,16649246
119,99511719;-57,88091660
120,02563477;-59,14414215
120,05615234;-61,93999863
120,08666992;-65,57086182
120,11718750;-72,19041443
120,14770508;-74,52187347
120,17822266;-65,17897034
120,20874023;-62,57999802
120,23925781;-63,16133499
120,26977539;-65,32302094
120,30029297;-66,16590881
120,33081055;-64,87931061
120,36132812;-64,12230682
120,39184570;-63,06653976
120,42236328;-61,84966660
120,45288086;-62,57233429
120,48339844;-66,05435181
120,51391602;-73,18386841
120,54443359;-79,05576324
120,57495117;-69,11546326
120,60546875;-66,18872070
120,63598633;-66,26461029
120,66650391;-67,35663605
120,69702148;-67,72360229
120,72753906;-66,87951660
120,75805664;-65,21823120
120,78857422;-63,82608414
120,81909180;-63,82949066
120,84960938;-65,66168213
120,88012695;-68,31364441
120,91064453;-70,67752838
120,94116211;-73,35179138
120,97167969;-68,28598785
121,00219727;-65,00279999
121,03271484;-64,25928497
121,06323242;-62,45621490
121,09375000;-60,14252472
121,12426758;-59,20341873
121,15478516;-59,67049408
121,18530273;-61,21741867
121,21582031;-62,84545517
121,24633789;-62,90966797
121,27685547;-62,08694077
121,30737305;-62,13451385
121,33789062;-63,20538330
121,36840820;-64,00769043
121,39892578;-64,33645630
121,42944336;-66,31327820
121,45996094;-70,42957306
121,49047852;-71,14069366
121,52099609;-71,95887756
121,55151367;-70,53923035
121,58203125;-65,20310974
121,61254883;-63,22829819
121,64306641;-67,00112152
121,67358398;-78,72610474
121,70410156;-65,92722321
121,73461914;-62,91417694
121,76513672;-60,68067932
121,79565430;-59,05500031
121,82617188;-59,31019592
121,85668945;-61,67251968
121,88720703;-65,25785828
121,91772461;-67,32376862
121,94824219;-66,78376770
121,97875977;-66,15116119
122,00927734;-66,70635986
122,03979492;-67,21823120
122,07031250;-65,17521667
122,10083008;-62,45109940
122,13134766;-61,70536041
122,16186523;-63,03044128
122,19238281;-62,88353348
122,22290039;-61,47741318
122,25341797;-61,89315796
122,28393555;-64,73912048
122,31445312;-72,90365601
122,34497070;-66,26831818
122,37548828;-60,20667267
122,40600586;-58,60912704
122,43652344;-59,25056076
122,46704102;-60,25459671
122,49755859;-62,08269119
122,52807617;-67,18983459
122,55859375;-83,94405365
122,58911133;-67,02909851
122,61962891;-62,38336945
122,65014648;-61,24505615
122,68066406;-62,65709305
122,71118164;-67,43710327
122,74169922;-85,49961853
122,77221680;-71,31771088
122,80273438;-66,09531403
122,83325195;-64,60396576
122,86376953;-65,53416443
122,89428711;-70,40737915
122,92480469;-78,88619232
122,95532227;-66,22290039
122,98583984;-63,67289734
123,01635742;-66,79228210
123,04687500;-78,22863770
123,07739258;-66,58201599
123,10791016;-64,11594391
123,13842773;-66,06935883
123,16894531;-71,47173309
123,19946289;-81,42263794
123,22998047;-80,25811005
123,26049805;-69,67650604
123,29101562;-64,88714600
123,32153320;-61,48260498
123,35205078;-59,31367493
123,38256836;-59,53285217
123,41308594;-63,51452637
123,44360352;-76,75785828
123,47412109;-75,86309052
123,50463867;-77,15025330
123,53515625;-72,99847412
123,56567383;-70,47653198
123,59619141;-77,23130798
123,62670898;-71,00602722
123,65722656;-64,20820618
123,68774414;-62,37506104
123,71826172;-63,87096024
123,74877930;-69,25650787
123,77929688;-83,08246613
123,80981445;-68,54834747
123,84033203;-63,36549377
123,87084961;-61,80978394
123,90136719;-62,76793671
123,93188477;-66,77640533
123,96240234;-75,41426849
123,99291992;-68,82858276
124,02343750;-65,78659821
124,05395508;-65,17375946
124,08447266;-63,94960785
124,11499023;-61,54628754
124,14550781;-59,33978653
124,17602539;-58,22177124
124,20654297;-58,57746124
124,23706055;-60,68346405
124,26757812;-64,62757874
124,29809570;-68,43054962
124,32861328;-67,34291077
124,35913086;-65,68930817
124,38964844;-65,92342377
124,42016602;-69,35802460
124,45068359;-82,76411438
124,48120117;-74,44838715
124,51171875;-73,83432770
124,54223633;-92,90412903
124,57275391;-74,43743134
124,60327148;-71,71532440
124,63378906;-75,40895844
124,66430664;-76,65612793
124,69482422;-71,49414825
124,72534180;-67,31953430
124,75585938;-64,33228302
124,78637695;-64,63902283
124,81689453;-68,92521667
124,84741211;-67,36017609
124,87792969;-64,41883087
124,90844727;-62,29194641
124,93896484;-57,98355484
124,96948242;-54,53316498
125,00000000;-53,41765594
125,03051758;-55,06103134
125,06103516;-59,72106171
125,09155273;-66,54892731
125,12207031;-69,01486969
125,15258789;-66,38322449
125,18310547;-64,14929199
125,21362305;-64,30988312
125,24414062;-65,49459076
125,27465820;-64,13015747
125,30517578;-63,15929031
125,33569336;-65,10220337
125,36621094;-70,54389191
125,39672852;-71,11214447
125,42724609;-67,15430450
125,45776367;-66,88226318
125,48828125;-72,42655945
125,51879883;-76,90682983
125,54931641;-67,54820251
125,57983398;-65,91465759
125,61035156;-66,52684021
125,64086914;-67,42657471
125,67138672;-68,42103577
125,70190430;-68,16926575
125,73242188;-66,47596741
125,76293945;-63,74184036
125,79345703;-61,62013626
125,82397461;-61,30342102
125,85449219;-62,34432602
125,88500977;-62,97642136
125,91552734;-63,34215164
125,94604492;-64,96212769
125,97656250;-67,57615662
126,00708008;-69,21335602
126,03759766;-68,63692474
126,06811523;-66,55741882
126,09863281;-64,18477631
126,12915039;-62,77313995
126,15966797;-63,44667053
126,19018555;-67,57908630
126,22070312;-76,62944031
126,25122070;-71,18286133
126,28173828;-67,22692871
126,31225586;-65,50934601
126,34277344;-65,79978180
126,37329102;-67,33249664
126,40380859;-67,77397919
126,43432617;-66,27190399
126,46484375;-63,65549469
126,49536133;-61,97603607
126,52587891;-62,41455078
126,55639648;-64,50553894
126,58691406;-65,85805511
126,61743164;-65,67543030
126,64794922;-65,58579254
126,67846680;-66,04956818
126,70898438;-66,35910034
126,73950195;-67,54224396
126,77001953;-75,53468323
126,80053711;-69,55422974
126,83105469;-62,15252304
126,86157227;-59,97877121
126,89208984;-60,55028534
126,92260742;-63,25117111
126,95312500;-67,61322021
126,98364258;-69,51513672
127,01416016;-66,39343262
127,04467773;-64,40701294
127,07519531;-64,03065491
127,10571289;-64,53179169
127,13623047;-65,98357391
127,16674805;-68,94507599
127,19726562;-73,31575775
127,22778320;-81,94094849
127,25830078;-81,20822906
127,28881836;-72,85889435
127,31933594;-71,71593475
127,34985352;-73,14974213
127,38037109;-71,40556335
127,41088867;-66,78437805
127,44140625;-63,80683517
127,47192383;-62,27422333
127,50244141;-60,73148727
127,53295898;-60,59428406
127,56347656;-63,62737274
127,59399414;-73,96209717
127,62451172;-68,32722473
127,65502930;-61,67060852
127,68554688;-59,15816498
127,71606445;-58,78755569
127,74658203;-60,34605026
127,77709961;-64,01242828
127,80761719;-68,33686829
127,83813477;-68,91596222
127,86865234;-66,85554504
127,89916992;-65,15534210
127,92968750;-66,98588562
127,96020508;-80,50269318
127,99072266;-68,02433777
128,02124023;-63,56895447
128,05175781;-63,53324127
128,08227539;-65,93064880
128,11279297;-69,48393250
128,14331055;-71,55411530
128,17382812;-72,04763794
128,20434570;-73,38454437
128,23486328;-76,42411041
128,26538086;-70,15906525
128,29589844;-65,30126953
128,32641602;-64,02845764
128,35693359;-64,67757416
128,38745117;-66,10143280
128,41796875;-68,45175171
128,44848633;-72,21109772
128,47900391;-71,60788727
128,50952148;-65,34769440
128,54003906;-61,11356735
128,57055664;-59,00790405
128,60107422;-58,77373505
128,63159180;-60,37406540
128,66210938;-63,57315063
128,69262695;-66,82756042
128,72314453;-67,48139191
128,75366211;-65,04522705
128,78417969;-63,49003601
128,81469727;-66,02001190
128,84521484;-75,96310425
128,87573242;-65,33964539
128,90625000;-61,69429016
128,93676758;-61,66075134
128,96728516;-63,60157013
128,99780273;-67,00460052
129,02832031;-72,50806427
129,05883789;-75,98783875
129,08935547;-67,25538635
129,11987305;-63,41699219
129,15039062;-62,61327744
129,18090820;-62,70262146
129,21142578;-61,26042175
129,24194336;-60,20320892
129,27246094;-61,34764862
129,30297852;-66,08795929
129,33349609;-80,53505707
129,36401367;-67,40241241
129,39453125;-64,20426178
129,42504883;-65,06570435
129,45556641;-68,28415680
129,48608398;-70,85924530
129,51660156;-69,87394714
129,54711914;-66,53346252
129,57763672;-64,51397705
129,60815430;-63,85915756
129,63867188;-63,85576248
129,66918945;-66,29866028
129,69970703;-74,73016357
129,73022461;-70,51047516
129,76074219;-69,06449890
129,79125977;-75,24932861
129,82177734;-75,30100250
129,85229492;-67,71763611
129,88281250;-64,07673645
129,91333008;-63,68514633
129,94384766;-65,53380585
129,97436523;-66,87329865
130,00488281;-65,59603882
130,03540039;-63,92905426
130,06591797;-63,04325104
130,09643555;-62,34070587
130,12695312;-62,21023941
130,15747070;-62,64408112
130,18798828;-63,13924789
130,21850586;-64,85424805
130,24902344;-69,09825134
130,27954102;-73,93080139
130,31005859;-70,36717987
130,34057617;-67,72151184
130,37109375;-68,12645721
130,40161133;-72,07549286
130,43212891;-72,15307617
130,46264648;-67,32476044
130,49316406;-64,99159241
130,52368164;-63,07863235
130,55419922;-62,74896622
130,58471680;-63,12770844
130,61523438;-60,88477325
130,64575195;-59,34897614
130,67626953;-59,99221802
130,70678711;-60,94800949
130,73730469;-58,62429047
130,76782227;-55,65008163
130,79833984;-55,09653091
130,82885742;-57,61653900
130,85937500;-61,98516464
130,88989258;-64,85451508
130,92041016;-70,23245239
130,95092773;-76,89410400
130,98144531;-68,99573517
131,01196289;-65,60618591
131,04248047;-65,64068604
131,07299805;-72,45114136
131,10351562;-69,20751190
131,13403320;-61,59244156
131,16455078;-59,83718109
131,19506836;-60,75936127
131,22558594;-62,42843246
131,25610352;-62,88648605
131,28662109;-62,24430466
131,31713867;-62,20040131
131,34765625;-62,08569336
131,37817383;-60,97799683
131,40869141;-60,44900513
131,43920898;-60,91733932
131,46972656;-63,04965973
131,50024414;-67,29753113
131,53076172;-70,77102661
131,56127930;-86,45799255
131,59179688;-67,18164062
131,62231445;-61,23561478
131,65283203;-60,01164246
131,68334961;-61,36005783
131,71386719;-63,29245758
131,74438477;-64,88497925
131,77490234;-68,31061554
131,80541992;-76,12048340
131,83593750;-80,49208069
131,86645508;-80,02616119
131,89697266;-89,81835175
131,92749023;-82,27519226
131,95800781;-71,35089874
131,98852539;-66,85724640
132,01904297;-67,59476471
132,04956055;-72,34890747
132,08007812;-65,93782043
132,11059570;-62,68550491
132,14111328;-63,28067780
132,17163086;-67,19174194
132,20214844;-75,01615906
132,23266602;-78,34206390
132,26318359;-75,49317169
132,29370117;-66,70075989
132,32421875;-60,99258804
132,35473633;-59,05651093
132,38525391;-60,79552078
132,41577148;-67,47778320
132,44628906;-92,84712982
132,47680664;-81,16839600
132,50732422;-84,57767487
132,53784180;-80,00706482
132,56835938;-72,12672424
132,59887695;-66,93165588
132,62939453;-63,52505112
132,65991211;-61,49813080
132,69042969;-61,51013184
132,72094727;-64,22402954
132,75146484;-70,62866974
132,78198242;-81,61817932
132,81250000;-69,41621399
132,84301758;-66,40565491
132,87353516;-66,27940369
132,90405273;-63,65253067
132,93457031;-61,50593185
132,96508789;-61,84910202
132,99560547;-63,53749084
133,02612305;-63,93612289
133,05664062;-63,86302567
133,08715820;-64,90664673
133,11767578;-66,71027374
133,14819336;-67,03117371
133,17871094;-63,43215942
133,20922852;-58,98942947
133,23974609;-56,38633347
133,27026367;-56,16502380
133,30078125;-58,57895660
133,33129883;-63,81092453
133,36181641;-65,05568695
133,39233398;-63,81097412
133,42285156;-68,32569885
133,45336914;-70,77510071
133,48388672;-62,73273849
133,51440430;-60,09934998
133,54492188;-59,56255341
133,57543945;-60,10735321
133,60595703;-61,68038177
133,63647461;-65,15043640
133,66699219;-72,85935974
133,69750977;-82,30151367
133,72802734;-77,83318329
133,75854492;-74,24678040
133,78906250;-69,91983795
133,81958008;-68,69259644
133,85009766;-69,07837677
133,88061523;-63,50204086
133,91113281;-57,38674545
133,94165039;-55,12016678
133,97216797;-56,30992508
134,00268555;-59,91262436
134,03320312;-63,05086517
134,06372070;-67,10115814
134,09423828;-78,91673279
134,12475586;-80,57182312
134,15527344;-75,66908264
134,18579102;-70,74868774
134,21630859;-67,18495178
134,24682617;-64,30747223
134,27734375;-61,98526382
134,30786133;-61,63817596
134,33837891;-64,72365570
134,36889648;-74,90578461
134,39941406;-66,30316162
134,42993164;-60,90252686
134,46044922;-59,24735260
134,49096680;-60,15583420
134,52148438;-63,71837997
134,55200195;-69,23238373
134,58251953;-68,10774231
134,61303711;-65,09548187
134,64355469;-62,50107193
134,67407227;-61,31066895
134,70458984;-62,95039368
134,73510742;-69,13774872
134,76562500;-79,62760162
134,79614258;-65,18558502
134,82666016;-59,52959442
134,85717773;-57,72273636
134,88769531;-59,81336975
134,91821289;-69,01619720
134,94873047;-67,42388916
134,97924805;-61,02915192
135,00976562;-59,86061096
135,04028320;-60,95367432
135,07080078;-62,74029160
135,10131836;-64,16802979
135,13183594;-66,36867523
135,16235352;-68,54922485
135,19287109;-68,31219482
135,22338867;-66,04298401
135,25390625;-64,67488098
135,28442383;-67,11577606
135,31494141;-69,76035309
135,34545898;-64,97344208
135,37597656;-64,13914490
135,40649414;-68,14051819
135,43701172;-85,95866394
135,46752930;-68,09278107
135,49804688;-64,01901245
135,52856445;-64,61722565
135,55908203;-71,06134033
135,58959961;-72,10916901
135,62011719;-65,42037201
135,65063477;-63,68427277
135,68115234;-62,85263062
135,71166992;-61,40797424
135,74218750;-60,19055176
135,77270508;-59,95097733
135,80322266;-59,98838806
135,83374023;-59,91947556
135,86425781;-60,51783752
135,89477539;-61,85078430
135,92529297;-62,33333206
135,95581055;-60,75438690
135,98632812;-59,85435867
136,01684570;-60,63714981
136,04736328;-62,00828552
136,07788086;-62,64339066
136,10839844;-63,26743698
136,13891602;-65,54417419
136,16943359;-69,76992798
136,19995117;-70,00298309
136,23046875;-68,25190735
136,26098633;-71,23976135
136,29150391;-83,87034607
136,32202148;-66,87842560
136,35253906;-63,06347275
136,38305664;-62,44422150
136,41357422;-61,64811707
136,44409180;-59,83284378
136,47460938;-59,74017334
136,50512695;-62,84676361
136,53564453;-70,96602631
136,56616211;-73,96860504
136,59667969;-67,74905396
136,62719727;-66,55038452
136,65771484;-67,15503693
136,68823242;-64,87805939
136,71875000;-62,15427017
136,74926758;-62,46659088
136,77978516;-66,99344635
136,81030273;-72,04049683
136,84082031;-70,18052673
136,87133789;-72,71923828
136,90185547;-74,43263245
136,93237305;-73,49867249
136,96289062;-74,51939392
136,99340820;-74,25962067
137,02392578;-71,74588776
137,05444336;-70,51720428
137,08496094;-68,76033020
137,11547852;-66,01480103
137,14599609;-64,53463745
137,17651367;-66,31302643
137,20703125;-75,14992523
137,23754883;-76,69083405
137,26806641;-70,26737976
137,29858398;-69,40900421
137,32910156;-71,42564392
137,35961914;-72,00547028
137,39013672;-68,23625946
137,42065430;-65,07518005
137,45117188;-63,02063370
137,48168945;-62,41867828
137,51220703;-63,24127960
137,54272461;-64,91955566
137,57324219;-66,06726074
137,60375977;-66,74305725
137,63427734;-69,19253540
137,66479492;-72,19279480
137,69531250;-69,42908478
137,72583008;-68,68485260
137,75634766;-71,31043243
137,78686523;-72,98645020
137,81738281;-69,09768677
137,84790039;-65,21612549
137,87841797;-63,33834839
137,90893555;-63,53833771
137,93945312;-65,43778229
137,96997070;-67,57093811
138,00048828;-66,64295959
138,03100586;-65,38951874
138,06152344;-66,40544891
138,09204102;-67,29441833
138,12255859;-65,64566040
138,15307617;-66,47827911
138,18359375;-77,70362091
138,21411133;-68,34326172
138,24462891;-63,30879211
138,27514648;-63,25848007
138,30566406;-65,47160339
138,33618164;-69,48756409
138,36669922;-78,77691650
138,39721680;-76,73271942
138,42773438;-69,88056183
138,45825195;-66,74521637
138,48876953;-64,39673615
138,51928711;-62,85227203
138,54980469;-63,08550262
138,58032227;-66,64083862
138,61083984;-80,92156219
138,64135742;-69,24766541
138,67187500;-62,77733612
138,70239258;-59,35438538
138,73291016;-57,61214447
138,76342773;-57,81571198
138,79394531;-60,48304749
138,82446289;-65,56175232
138,85498047;-68,64904785
138,88549805;-64,78960419
138,91601562;-60,73062515
138,94653320;-59,02668762
138,97705078;-59,24076080
139,00756836;-60,30878448
139,03808594;-61,35837555
139,06860352;-62,53069305
139,09912109;-63,47799683
139,12963867;-62,76499176
139,16015625;-60,22903442
139,19067383;-58,24163818
139,22119141;-58,09463120
139,25170898;-60,32049179
139,28222656;-65,39891815
139,31274414;-69,96239471
139,34326172;-68,58667755
139,37377930;-66,02378082
139,40429688;-63,31156921
139,43481445;-62,55352402
139,46533203;-63,30291367
139,49584961;-63,13988113
139,52636719;-61,90862274
139,55688477;-60,65820694
139,58740234;-60,01136017
139,61791992;-60,67354584
139,64843750;-62,90468597
139,67895508;-65,42645264
139,70947266;-62,54051208
139,73999023;-58,54549408
139,77050781;-56,86954880
139,80102539;-58,60553360
139,83154297;-68,18515778
139,86206055;-66,13251495
139,89257812;-61,65260315
139,92309570;-63,64754105
139,95361328;-65,37843323
139,98413086;-64,76251221
140,01464844;-65,61568451
140,04516602;-69,44834900
140,07568359;-81,88533020
140,10620117;-72,83340454
140,13671875;-69,27292633
140,16723633;-67,41477203
140,19775391;-65,88928986
140,22827148;-65,76158905
140,25878906;-67,70468903
140,28930664;-70,86411285
140,31982422;-70,27729797
140,35034180;-68,69721985
140,38085938;-68,87574005
140,41137695;-69,78137207
140,44189453;-70,41667175
140,47241211;-69,71568298
140,50292969;-67,82402802
140,53344727;-65,39887238
140,56396484;-62,90821457
140,59448242;-61,18957901
140,62500000;-60,94964600
140,65551758;-62,40098572
140,68603516;-64,21745300
140,71655273;-63,48279953
140,74707031;-62,36430740
140,77758789;-63,11969757
140,80810547;-65,86319733
140,83862305;-68,40998077
140,86914062;-67,85200500
140,89965820;-66,94691467
140,93017578;-66,77209473
140,96069336;-67,39990997
140,99121094;-68,44128418
141,02172852;-68,42637634
141,05224609;-66,19036865
141,08276367;-61,51153564
141,11328125;-57,85156631
141,14379883;-56,68384552
141,17431641;-57,97470474
141,20483398;-60,47261047
141,23535156;-61,74638367
141,26586914;-63,19849396
141,29638672;-66,77523041
141,32690430;-70,32295990
141,35742188;-66,49998474
141,38793945;-62,80370712
141,41845703;-61,26222610
141,44897461;-61,55447006
141,47949219;-63,13401794
141,51000977;-64,73584747
141,54052734;-66,95927429
141,57104492;-70,42480469
141,60156250;-68,50966644
141,63208008;-68,73891449
141,66259766;-77,94201660
141,69311523;-76,04978943
141,72363281;-72,25042725
141,75415039;-88,63661957
141,78466797;-69,22113800
141,81518555;-63,47568893
141,84570312;-62,31048965
141,87622070;-63,95658875
141,90673828;-67,15393829
141,93725586;-67,88122559
141,96777344;-64,82873535
141,99829102;-62,91155243
142,02880859;-64,16027069
142,05932617;-70,00242615
142,08984375;-82,44046021
142,12036133;-89,20302582
142,15087891;-73,74076080
142,18139648;-67,51077271
142,21191406;-66,74758148
142,24243164;-68,33597565
142,27294922;-67,74497223
142,30346680;-65,56134796
142,33398438;-65,02764893
142,36450195;-67,22684479
142,39501953;-71,66208649
142,42553711;-67,67470551
142,45605469;-63,40936279
142,48657227;-62,09570312
142,51708984;-63,19377518
142,54760742;-67,01219940
142,57812500;-77,12551880
142,60864258;-77,37946320
142,63916016;-70,17657471
142,66967773;-67,31163788
142,70019531;-65,82379150
142,73071289;-67,23423767
142,76123047;-74,53578186
142,79174805;-67,45953369
142,82226562;-62,13853455
142,85278320;-60,98461533
142,88330078;-61,82631683
142,91381836;-63,46067810
142,94433594;-68,64596558
142,97485352;-71,77117920
143,00537109;-64,15876770
143,03588867;-64,04602814
143,06640625;-66,35344696
143,09692383;-64,49547577
143,12744141;-63,77388763
143,15795898;-65,71688843
143,18847656;-71,21799469
143,21899414;-88,24501801
143,24951172;-69,58712006
143,28002930;-65,76948547
143,31054688;-65,80970001
143,34106445;-69,88415527
143,37158203;-70,78887939
143,40209961;-66,85247803
143,43261719;-70,12099457
143,46313477;-74,42790985
143,49365234;-63,02183151
143,52416992;-59,90836716
143,55468750;-59,88119507
143,58520508;-61,67601013
143,61572266;-64,41244507
143,64624023;-66,94182587
143,67675781;-67,91529083
143,70727539;-65,69367218
143,73779297;-62,73976898
143,76831055;-61,78071594
143,79882812;-62,83278656
143,82934570;-64,14009857
143,85986328;-62,25818634
143,89038086;-57,63881683
143,92089844;-54,97842789
143,95141602;-55,81741714
143,98193359;-62,22904968
144,01245117;-72,56503296
144,04296875;-61,46385574
144,07348633;-60,87233734
144,10400391;-64,02400208
144,13452148;-64,16034698
144,16503906;-61,48345184
144,19555664;-62,19115448
144,22607422;-64,06391144
144,25659180;-62,50687027
144,28710938;-61,19910812
144,31762695;-61,32502747
144,34814453;-61,61380386
144,37866211;-61,45309830
144,40917969;-61,64371872
144,43969727;-62,71033478
144,47021484;-63,74341583
144,50073242;-63,29063797
144,53125000;-63,07348633
144,56176758;-65,03501892
144,59228516;-69,41061401
144,62280273;-72,99134827
144,65332031;-74,89020538
144,68383789;-73,37716675
144,71435547;-67,92449951
144,74487305;-64,18244934
144,77539062;-63,28990936
144,80590820;-67,25035095
144,83642578;-71,33551788
144,86694336;-64,07757568
144,89746094;-64,64080811
144,92797852;-67,74461365
144,95849609;-61,88874054
144,98901367;-59,49617386
145,01953125;-60,38568878
145,05004883;-63,67408752
145,08056641;-67,42952728
145,11108398;-67,14364624
145,14160156;-67,99861145
145,17211914;-74,33393097
145,20263672;-89,00975037
145,23315430;-84,81708527
145,26367188;-71,95244598
145,29418945;-64,88565063
145,32470703;-62,44198608
145,35522461;-63,43681717
145,38574219;-66,75768280
145,41625977;-67,51157379
145,44677734;-67,30098724
145,47729492;-69,17474365
145,50781250;-70,70189667
145,53833008;-70,27616119
145,56884766;-68,60317993
145,59936523;-65,73461151
145,62988281;-63,13295364
145,66040039;-61,46854401
145,69091797;-60,43487930
145,72143555;-59,77465820
145,75195312;-59,52359009
145,78247070;-59,40690613
145,81298828;-59,05186462
145,84350586;-59,41921616
145,87402344;-61,64827728
145,90454102;-64,42705536
145,93505859;-65,11859131
145,96557617;-65,71281433
145,99609375;-63,77060318
146,02661133;-61,47983170
146,05712891;-61,56315231
146,08764648;-63,38281631
146,11816406;-64,61753082
146,14868164;-64,52455902
146,17919922;-65,95823669
146,20971680;-71,97442627
146,24023438;-84,66297913
146,27075195;-69,19928741
146,30126953;-62,64055252
146,33178711;-59,33005905
146,36230469;-58,52436066
146,39282227;-60,03963089
146,42333984;-64,67645264
146,45385742;-73,81034851
146,48437500;-73,42702484
146,51489258;-77,17337036
146,54541016;-76,17682648
146,57592773;-67,04142761
146,60644531;-60,81974411
146,63696289;-57,89688110
146,66748047;-57,63359833
146,69799805;-59,10919952
146,72851562;-61,28665161
146,75903320;-63,87837982
146,78955078;-68,32672882
146,82006836;-77,03191376
146,85058594;-78,81930542
146,88110352;-71,13809967
146,91162109;-65,29495239
146,94213867;-63,11259842
146,97265625;-63,82812119
147,00317383;-66,73394775
147,03369141;-70,28291321
147,06420898;-71,97227478
147,09472656;-71,73504639
147,12524414;-71,32794952
147,15576172;-72,68078613
147,18627930;-73,37718201
147,21679688;-68,24567413
147,24731445;-64,33634186
147,27783203;-62,94979477
147,30834961;-63,92058945
147,33886719;-67,14968109
147,36938477;-72,55062103
147,39990234;-75,79065704
147,43041992;-69,23203278
147,46093750;-65,63148499
147,49145508;-64,53906250
147,52197266;-64,60649109
147,55249023;-64,84490204
147,58300781;-64,86624146
147,61352539;-64,45326233
147,64404297;-63,52687454
147,67456055;-62,61890411
147,70507812;-62,22264099
147,73559570;-61,94291687
147,76611328;-61,21344757
147,79663086;-60,76927567
147,82714844;-61,98947525
147,85766602;-64,71894836
147,88818359;-66,02185059
147,91870117;-67,14096069
147,94921875;-65,53519440
147,97973633;-63,86352921
148,01025391;-66,62678528
148,04077148;-80,88261414
148,07128906;-69,01749420
148,10180664;-63,72219086
148,13232422;-62,02970123
148,16284180;-62,39707184
148,19335938;-63,99444962
148,22387695;-65,84154510
148,25439453;-69,30149841
148,28491211;-83,93344879
148,31542969;-72,07708740
148,34594727;-67,08382416
148,37646484;-66,62110901
148,40698242;-68,17314911
148,43750000;-70,51721191
148,46801758;-69,52479553
148,49853516;-66,75223541
148,52905273;-65,36963654
148,55957031;-65,21654510
148,59008789;-66,39160919
148,62060547;-69,63420868
148,65112305;-71,83964539
148,68164062;-67,81331635
148,71215820;-66,30986023
148,74267578;-67,11860657
148,77319336;-65,73281097
148,80371094;-65,04857635
148,83422852;-68,46993256
148,86474609;-67,83183289
148,89526367;-62,51557159
148,92578125;-59,85866165
148,95629883;-58,90583420
148,98681641;-59,05733109
149,01733398;-59,65077972
149,04785156;-59,89418411
149,07836914;-59,89320374
149,10888672;-60,95566177
149,13940430;-64,04731750
149,16992188;-68,92996979
149,20043945;-73,76349640
149,23095703;-79,95688629
149,26147461;-83,34197998
149,29199219;-77,18776703
149,32250977;-72,74182129
149,35302734;-68,90567017
149,38354492;-66,42264557
149,41406250;-65,78978729
149,44458008;-66,45295715
149,47509766;-66,33538818
149,50561523;-66,86776733
149,53613281;-68,66591644
149,56665039;-66,19726562
149,59716797;-64,88065338
149,62768555;-66,90318298
149,65820312;-69,22601318
149,68872070;-68,98019409
149,71923828;-69,44729614
149,74975586;-69,73860168
149,78027344;-68,33192444
149,81079102;-65,94506836
149,84130859;-63,65700531
149,87182617;-63,10949707
149,90234375;-66,32951355
149,93286133;-75,05769348
149,96337891;-68,33001709
149,99389648;-67,53167725
150,02441406;-72,99896240
150,05493164;-81,62081909
150,08544922;-75,22103882
150,11596680;-73,76957703
150,14648438;-79,82555389
150,17700195;-74,98772430
150,20751953;-68,71224976
150,23803711;-67,09162140
150,26855469;-66,60430145
150,29907227;-64,58021545
150,32958984;-61,67055130
150,36010742;-59,65820694
150,39062500;-59,02133179
150,42114258;-59,90929031
150,45166016;-62,61939240
150,48217773;-68,10714722
150,51269531;-75,98954010
150,54321289;-70,19125366
150,57373047;-66,09282684
150,60424805;-63,76880264
150,63476562;-63,58430862
150,66528320;-66,42073059
150,69580078;-68,02017975
150,72631836;-62,54175186
150,75683594;-58,91577911
150,78735352;-57,17164612
150,81787109;-56,84916687
150,84838867;-57,92947769
150,87890625;-60,28498840
150,90942383;-62,86478424
150,93994141;-64,84051514
150,97045898;-66,77596283
151,00097656;-68,49538422
151,03149414;-68,99900818
151,06201172;-68,24824524
151,09252930;-68,06179810
151,12304688;-67,41861725
151,15356445;-67,60742188
151,18408203;-72,09932709
151,21459961;-77,38041687
151,24511719;-66,12229156
151,27563477;-61,25207901
151,30615234;-58,59321594
151,33666992;-57,13459396
151,36718750;-56,82533646
151,39770508;-58,04040909
151,42822266;-61,15233612
151,45874023;-63,88032532
151,48925781;-61,75265884
151,51977539;-60,73625565
151,55029297;-63,06224823
151,58081055;-69,63925934
151,61132812;-75,58381653
151,64184570;-74,44073486
151,67236328;-73,91346741
151,70288086;-69,40267181
151,73339844;-65,96244812
151,76391602;-65,04431915
151,79443359;-65,05866241
151,82495117;-64,73904419
151,85546875;-64,61273956
151,88598633;-64,19038391
151,91650391;-63,55583191
151,94702148;-62,83584976
151,97753906;-61,70474243
152,00805664;-60,87944794
152,03857422;-60,72679520
152,06909180;-61,62604523
152,09960938;-63,77589417
152,13012695;-65,75132751
152,16064453;-66,37870789
152,19116211;-67,03765106
152,22167969;-67,17649841
152,25219727;-66,39903259
152,28271484;-66,73081970
152,31323242;-68,45508575
152,34375000;-68,04037476
152,37426758;-64,95156860
152,40478516;-63,34563446
152,43530273;-64,48411560
152,46582031;-67,65891266
152,49633789;-65,60446167
152,52685547;-61,78457260
152,55737305;-59,23489380
152,58789062;-58,17731476
152,61840820;-59,22328949
152,64892578;-62,53649139
152,67944336;-66,25244141
152,70996094;-66,30164337
152,74047852;-66,07530975
152,77099609;-69,37078857
152,80151367;-79,61739349
152,83203125;-72,28074646
152,86254883;-70,83797455
152,89306641;-72,38270569
152,92358398;-67,23770142
152,95410156;-63,75379562
152,98461914;-63,47489929
153,01513672;-65,44543457
153,04565430;-68,10202026
153,07617188;-68,63847351
153,10668945;-66,80175018
153,13720703;-65,30795288
153,16772461;-64,87227631
153,19824219;-65,15227509
153,22875977;-65,08265686
153,25927734;-62,91057968
153,28979492;-61,84757996
153,32031250;-64,13823700
153,35083008;-69,88850403
153,38134766;-76,72448730
153,41186523;-80,20012665
153,44238281;-69,32597351
153,47290039;-66,17397308
153,50341797;-65,80304718
153,53393555;-65,54754639
153,56445312;-64,71379089
153,59497070;-64,87379456
153,62548828;-66,96562958
153,65600586;-68,58345795
153,68652344;-68,34490967
153,71704102;-66,22973633
153,74755859;-63,97774506
153,77807617;-65,15443420
153,80859375;-73,87509155
153,83911133;-72,78411102
153,86962891;-65,75623322
153,90014648;-65,00126648
153,93066406;-67,43193817
153,96118164;-72,34445190
153,99169922;-70,19491577
154,02221680;-67,62021637
154,05273438;-68,61851501
154,08325195;-70,90932465
154,11376953;-72,79992676
154,14428711;-76,29129791
154,17480469;-72,45668793
154,20532227;-65,78705597
154,23583984;-62,94149780
154,26635742;-63,08992386
154,29687500;-66,39530945
154,32739258;-72,59461975
154,35791016;-68,66304016
154,38842773;-66,19429779
154,41894531;-66,89340210
154,44946289;-66,77864838
154,47998047;-64,28463745
154,51049805;-63,17385101
154,54101562;-64,55872345
154,57153320;-68,95758057
154,60205078;-67,03060150
154,63256836;-62,37210846
154,66308594;-61,38508606
154,69360352;-64,10529327
154,72412109;-75,10057831
154,75463867;-67,25994873
154,78515625;-61,91208267
154,81567383;-60,75289154
154,84619141;-62,14888000
154,87670898;-68,03414917
154,90722656;-75,40550232
154,93774414;-67,26012421
154,96826172;-68,50711060
154,99877930;-69,91940308
155,02929688;-65,22897339
155,05981445;-63,10199738
155,09033203;-63,05094147
155,12084961;-63,79235077
155,15136719;-63,60702896
155,18188477;-62,82845306
155,21240234;-62,97515488
155,24291992;-64,50614166
155,27343750;-67,15389252
155,30395508;-68,05268097
155,33447266;-65,06425476
155,36499023;-63,72143173
155,39550781;-65,04056549
155,42602539;-66,64378357
155,45654297;-64,07547760
155,48706055;-60,07123947
155,51757812;-58,08631134
155,54809570;-58,46361542
155,57861328;-60,82395554
155,60913086;-63,58438110
155,63964844;-64,61863708
155,67016602;-66,71464539
155,70068359;-70,50484467
155,73120117;-63,40915680
155,76171875;-58,89538193
155,79223633;-57,59813309
155,82275391;-58,21391678
155,85327148;-59,66046906
155,88378906;-61,33243179
155,91430664;-64,10868835
155,94482422;-73,99741364
155,97534180;-68,04991150
156,00585938;-61,25547028
156,03637695;-59,78665161
156,06689453;-60,87761307
156,09741211;-63,29750824
156,12792969;-65,65272522
156,15844727;-68,05862427
156,18896484;-69,53467560
156,21948242;-65,50036621
156,25000000;-61,74427795
156,28051758;-59,82365417
156,31103516;-59,48507309
156,34155273;-60,26685333
156,37207031;-62,04889679
156,40258789;-66,07109070
156,43310547;-71,98851013
156,46362305;-69,60612488
156,49414062;-71,20689392
156,52465820;-75,42155457
156,55517578;-65,80883789
156,58569336;-62,37964249
156,61621094;-62,41440201
156,64672852;-64,51365662
156,67724609;-66,34968567
156,70776367;-65,51624298
156,73828125;-64,67826080
156,76879883;-65,52435303
156,79931641;-67,38560486
156,82983398;-69,47195435
156,86035156;-71,53135681
156,89086914;-74,71594238
156,92138672;-85,94146729
156,95190430;-73,47885895
156,98242188;-69,66413879
157,01293945;-69,29383087
157,04345703;-69,33831787
157,07397461;-68,99393463
157,10449219;-69,70989990
157,13500977;-69,36798859
157,16552734;-65,53498077
157,19604492;-62,10826111
157,22656250;-61,05383301
157,25708008;-63,94702530
157,28759766;-71,70778656
157,31811523;-65,35150909
157,34863281;-63,49886322
157,37915039;-66,21908569
157,40966797;-72,95916748
157,44018555;-73,94760895
157,47070312;-70,36129761
157,50122070;-68,87901306
157,53173828;-68,25978088
157,56225586;-66,42227936
157,59277344;-62,55275345
157,62329102;-60,08264542
157,65380859;-60,22233582
157,68432617;-62,94536209
157,71484375;-66,98635101
157,74536133;-69,02552795
157,77587891;-72,87425232
157,80639648;-85,61219025
157,83691406;-67,87850189
157,86743164;-62,61363602
157,89794922;-60,72577667
157,92846680;-61,47264481
157,95898438;-65,31792450
157,98950195;-73,78121185
158,02001953;-67,69999695
158,05053711;-63,56422806
158,08105469;-63,42256546
158,11157227;-66,64145660
158,14208984;-69,08648682
158,17260742;-65,94466400
158,20312500;-66,59495544
158,23364258;-72,86085510
158,26416016;-69,36027527
158,29467773;-67,34326935
158,32519531;-71,71896362
158,35571289;-76,01393127
158,38623047;-69,72831726
158,41674805;-68,35194397
158,44726562;-68,52304077
158,47778320;-68,46447754
158,50830078;-69,19977570
158,53881836;-71,72186279
158,56933594;-70,90505981
158,59985352;-70,75410461
158,63037109;-80,08976746
158,66088867;-76,16974640
158,69140625;-71,42498016
158,72192383;-73,17301941
158,75244141;-76,16219330
158,78295898;-74,71726227
158,81347656;-70,78294373
158,84399414;-66,12715912
158,87451172;-62,41364288
158,90502930;-60,72456741
158,93554688;-61,78572083
158,96606445;-65,94728088
158,99658203;-67,33650970
159,02709961;-66,16956329
159,05761719;-70,11013794
159,08813477;-91,09384155
159,11865234;-75,35500336
159,14916992;-70,86524200
159,17968750;-65,70658875
159,21020508;-63,32965469
159,24072266;-63,30388641
159,27124023;-63,85794067
159,30175781;-63,65936279
159,33227539;-63,33732986
159,36279297;-63,97179413
159,39331055;-65,24386597
159,42382812;-65,53530121
159,45434570;-64,79537201
159,48486328;-64,12936401
159,51538086;-64,53353119
159,54589844;-66,65102386
159,57641602;-67,82986450
159,60693359;-64,86340332
159,63745117;-62,57491684
159,66796875;-62,31348419
159,69848633;-63,30296326
159,72900391;-63,02087402
159,75952148;-62,64692688
159,79003906;-65,40553284
159,82055664;-70,89953613
159,85107422;-66,34690094
159,88159180;-63,84519196
159,91210938;-65,42964172
159,94262695;-71,45278168
159,97314453;-77,31373596
160,00366211;-82,34879303
160,03417969;-79,99261475
160,06469727;-74,37962341
160,09521484;-74,07845306
160,12573242;-72,75991058
160,15625000;-68,16836548
160,18676758;-64,13146210
160,21728516;-61,87179947
160,24780273;-61,82327652
160,27832031;-64,12406158
160,30883789;-64,47180176
160,33935547;-62,62783432
160,36987305;-64,30383301
160,40039062;-66,18613434
160,43090820;-64,46875763
160,46142578;-64,42115784
160,49194336;-65,40589142
160,52246094;-69,61155701
160,55297852;-73,76733398
160,58349609;-67,41841888
160,61401367;-68,13197327
160,64453125;-72,86253357
160,67504883;-66,77896118
160,70556641;-61,98608398
160,73608398;-59,44795227
160,76660156;-58,86714554
160,79711914;-60,91119766
160,82763672;-67,62879181
160,85815430;-84,40740967
160,88867188;-70,41543579
160,91918945;-71,04241180
160,94970703;-73,86875916
160,98022461;-67,79930878
161,01074219;-63,73346710
161,04125977;-61,68550491
161,07177734;-60,39538956
161,10229492;-60,05973053
161,13281250;-62,06081772
161,16333008;-67,72405243
161,19384766;-70,71328735
161,22436523;-71,66249847
161,25488281;-69,35031128
161,28540039;-66,59098816
161,31591797;-70,62102509
161,34643555;-72,84463501
161,37695312;-62,33348083
161,40747070;-59,22251892
161,43798828;-59,73709488
161,46850586;-62,68544006
161,49902344;-64,64860535
161,52954102;-65,06364441
161,56005859;-67,28089142
161,59057617;-71,62512207
161,62109375;-72,53716278
161,65161133;-66,05324554
161,68212891;-63,96335220
161,71264648;-66,32853699
161,74316406;-71,10829926
161,77368164;-69,94080353
161,80419922;-71,13875580
161,83471680;-75,52610016
161,86523438;-74,06157684
161,89575195;-68,99349976
161,92626953;-66,33489990
161,95678711;-66,16459656
161,98730469;-68,00874329
162,01782227;-71,17098999
162,04833984;-69,99901581
162,07885742;-66,17499542
162,10937500;-63,80495071
162,13989258;-63,10936737
162,17041016;-64,82897949
162,20092773;-68,53267670
162,23144531;-65,66087341
162,26196289;-62,74449158
162,29248047;-63,23647308
162,32299805;-64,97925568
162,35351562;-63,37284851
162,38403320;-62,46318817
162,41455078;-64,44924164
162,44506836;-69,33529663
162,47558594;-75,27513123
162,50610352;-73,95903015
162,53662109;-70,69250488
162,56713867;-69,61846161
162,59765625;-69,49418640
162,62817383;-64,34944916
162,65869141;-60,01472855
162,68920898;-58,79034424
162,71972656;-60,47048187
162,75024414;-64,82473755
162,78076172;-70,26483154
162,81127930;-71,38311768
162,84179688;-65,87508392
162,87231445;-61,55398560
162,90283203;-59,72154617
162,93334961;-60,19347382
162,96386719;-62,80616760
162,99438477;-66,99437714
163,02490234;-71,79662323
163,05541992;-68,98382568
163,08593750;-64,97460175
163,11645508;-64,06929779
163,14697266;-63,84591675
163,17749023;-62,52375031
163,20800781;-61,44851303
163,23852539;-61,63084030
163,26904297;-62,20225906
163,29956055;-62,13338470
163,33007812;-62,76774597
163,36059570;-65,70610809
163,39111328;-69,62325287
163,42163086;-70,12574005
163,45214844;-66,84721375
163,48266602;-65,59611511
163,51318359;-69,88100433
163,54370117;-70,45790863
163,57421875;-66,12984467
163,60473633;-65,71592712
163,63525391;-64,47332764
163,66577148;-64,05392456
163,69628906;-67,13991547
163,72680664;-75,12591553
163,75732422;-84,18448639
163,78784180;-76,58700562
163,81835938;-72,16145325
163,84887695;-87,70969391
163,87939453;-66,06783295
163,90991211;-59,98325729
163,94042969;-59,28197479
163,97094727;-62,00392914
164,00146484;-65,54888153
164,03198242;-64,77207947
164,06250000;-62,94858932
164,09301758;-63,91432953
164,12353516;-67,28776550
164,15405273;-68,37881470
164,18457031;-66,07429504
164,21508789;-64,22425842
164,24560547;-64,28862000
164,27612305;-66,64333344
164,30664062;-72,23012543
164,33715820;-77,01998901
164,36767578;-69,72669983
164,39819336;-66,61222076
164,42871094;-65,08955383
164,45922852;-64,46213531
164,48974609;-65,11242676
164,52026367;-66,96994019
164,55078125;-70,62709808
164,58129883;-73,50633240
164,61181641;-72,57977295
164,64233398;-74,63744354
164,67285156;-69,96407318
164,70336914;-65,01189423
164,73388672;-63,69790649
164,76440430;-65,00308990
164,79492188;-63,27778244
164,82543945;-58,89855194
164,85595703;-57,12496948
164,88647461;-58,48581314
164,91699219;-63,97633362
164,94750977;-78,80698395
164,97802734;-67,39508057
165,00854492;-64,16630554
165,03906250;-63,94076920
165,06958008;-65,64225006
165,10009766;-68,33287811
165,13061523;-71,01659393
165,16113281;-75,90115356
165,19165039;-69,09061432
165,22216797;-63,10454559
165,25268555;-60,64651489
165,28320312;-60,52390671
165,31372070;-62,08651733
165,34423828;-63,78806305
165,37475586;-62,75634384
165,40527344;-61,10609055
165,43579102;-61,83719254
165,46630859;-66,59056854
165,49682617;-73,11814117
165,52734375;-66,85525513
165,55786133;-64,40373230
165,58837891;-64,45732117
165,61889648;-65,35778046
165,64941406;-66,48825073
165,67993164;-68,50878906
165,71044922;-64,29322815
165,74096680;-58,99674225
165,77148438;-56,58008194
165,80200195;-57,12953949
165,83251953;-60,84954834
165,86303711;-67,61679840
165,89355469;-72,21640015
165,92407227;-67,92488861
165,95458984;-62,65718842
165,98510742;-59,86128235
166,01562500;-59,83722305
166,04614258;-62,66754150
166,07666016;-68,11936951
166,10717773;-72,95595551
166,13769531;-69,23168182
166,16821289;-66,43218231
166,19873047;-66,54661560
166,22924805;-67,53828430
166,25976562;-69,95383453
166,29028320;-84,12601471
166,32080078;-71,98183441
166,35131836;-67,41105652
166,38183594;-68,88329315
166,41235352;-81,54832458
166,44287109;-68,12342072
166,47338867;-62,38622665
166,50390625;-61,07725143
166,53442383;-62,34206390
166,56494141;-65,16061401
166,59545898;-68,36464691
166,62597656;-70,86005402
166,65649414;-71,72984314
166,68701172;-68,45903015
166,71752930;-67,72425079
166,74804688;-70,50742340
166,77856445;-71,03942871
166,80908203;-74,96842957
166,83959961;-73,56423950
166,87011719;-64,04589844
166,90063477;-61,60859680
166,93115234;-62,39957809
166,96166992;-64,04189301
166,99218750;-63,75513077
167,02270508;-62,40892029
167,05322266;-61,05613327
167,08374023;-60,46687317
167,11425781;-61,18585587
167,14477539;-63,37253952
167,17529297;-67,71096039
167,20581055;-73,78694153
167,23632812;-67,84153748
167,26684570;-65,29807281
167,29736328;-66,25483704
167,32788086;-69,04806519
167,35839844;-68,88274384
167,38891602;-66,58747101
167,41943359;-67,23454285
167,44995117;-71,67023468
167,48046875;-70,56665039
167,51098633;-66,07762146
167,54150391;-64,69433594
167,57202148;-65,80722046
167,60253906;-68,56998444
167,63305664;-71,70214844
167,66357422;-68,84271240
167,69409180;-65,46824646
167,72460938;-66,13642120
167,75512695;-70,73052216
167,78564453;-70,06926727
167,81616211;-68,41970825
167,84667969;-73,62832642
167,87719727;-73,86311340
167,90771484;-64,23132324
167,93823242;-62,34405518
167,96875000;-65,55253601
167,99926758;-75,32479095
168,02978516;-64,76555634
168,06030273;-60,47270966
168,09082031;-59,60639954
168,12133789;-61,47309875
168,15185547;-68,43149567
168,18237305;-71,55722046
168,21289062;-63,28250504
168,24340820;-62,17237854
168,27392578;-63,86831665
168,30444336;-65,25253296
168,33496094;-64,94638062
168,36547852;-63,76823425
168,39599609;-62,42877960
168,42651367;-61,67579269
168,45703125;-62,32975388
168,48754883;-66,02547455
168,51806641;-78,85312653
168,54858398;-67,05524445
168,57910156;-62,59714127
168,60961914;-62,21113205
168,64013672;-64,76570892
168,67065430;-71,27518463
168,70117188;-70,89904022
168,73168945;-66,88120270
168,76220703;-68,88410950
168,79272461;-68,07578278
168,82324219;-61,65916443
168,85375977;-57,50493622
168,88427734;-54,79158020
168,91479492;-54,56487656
168,94531250;-58,16411972
168,97583008;-64,59841919
169,00634766;-61,39072418
169,03686523;-60,95517731
169,06738281;-64,50598145
169,09790039;-69,82934570
169,12841797;-66,51411438
169,15893555;-65,87830353
169,18945312;-70,69880676
169,21997070;-81,10739899
169,25048828;-81,90591431
169,28100586;-73,51985931
169,31152344;-70,73817444
169,34204102;-71,70716095
169,37255859;-72,33341217
169,40307617;-70,82428741
169,43359375;-71,01624298
169,46411133;-71,52156830
169,49462891;-65,51945496
169,52514648;-62,47049713
169,55566406;-62,53776932
169,58618164;-64,85467529
169,61669922;-68,98013306
169,64721680;-76,00553894
169,67773438;-75,05260468
169,70825195;-68,98430634
169,73876953;-65,34034729
169,76928711;-63,10520935
169,79980469;-62,84310913
169,83032227;-63,80062866
169,86083984;-64,36003876
169,89135742;-64,38028717
169,92187500;-65,20521545
169,95239258;-65,45046234
169,98291016;-63,08525467
170,01342773;-61,46562195
170,04394531;-61,42976761
170,07446289;-62,38512039
170,10498047;-63,86169815
170,13549805;-65,29219818
170,16601562;-64,31907654
170,19653320;-61,66059494
170,22705078;-59,75210190
170,25756836;-58,45535278
170,28808594;-56,99320221
170,31860352;-55,73306274
170,34912109;-55,97340393
170,37963867;-58,82970428
170,41015625;-65,93679810
170,44067383;-68,72316742
170,47119141;-63,56275558
170,50170898;-63,97522736
170,53222656;-70,19773865
170,56274414;-81,67654419
170,59326172;-81,86676025
170,62377930;-72,29353333
170,65429688;-64,22482300
170,68481445;-61,29397964
170,71533203;-60,82355499
170,74584961;-61,90780258
170,77636719;-64,39644623
170,80688477;-68,09916687
170,83740234;-70,18199158
170,86791992;-70,65711975
170,89843750;-68,70835876
170,92895508;-64,45584106
170,95947266;-62,43576813
170,98999023;-63,48905563
171,02050781;-68,66156769
171,05102539;-80,65456390
171,08154297;-71,76373291
171,11206055;-70,91255951
171,14257812;-73,93597412
171,17309570;-71,60038757
171,20361328;-72,02597046
171,23413086;-70,43132782
171,26464844;-64,80056000
171,29516602;-64,61043549
171,32568359;-70,68736267
171,35620117;-71,76542664
171,38671875;-65,43816376
171,41723633;-61,33972168
171,44775391;-58,79610443
171,47827148;-58,02969360
171,50878906;-58,55797195
171,53930664;-60,02514648
171,56982422;-62,49336624
171,60034180;-64,74580383
171,63085938;-65,79980469
171,66137695;-67,36630249
171,69189453;-70,16130066
171,72241211;-73,45393372
171,75292969;-68,48095703
171,78344727;-64,02540588
171,81396484;-60,96963882
171,84448242;-59,58946991
171,87500000;-60,31409836
171,90551758;-63,32257843
171,93603516;-68,56677246
171,96655273;-74,72364044
171,99707031;-82,91517639
172,02758789;-79,39367676
172,05810547;-75,65592194
172,08862305;-73,20588684
172,11914062;-66,67565155
172,14965820;-62,36068344
172,18017578;-60,53327560
172,21069336;-60,41582108
172,24121094;-61,96187592
172,27172852;-66,22529602
172,30224609;-75,79814148
172,33276367;-77,70951080
172,36328125;-68,35095215
172,39379883;-64,78692627
172,42431641;-63,63222122
172,45483398;-63,61602783
172,48535156;-65,20896149
172,51586914;-68,94207001
172,54638672;-70,84699249
172,57690430;-68,14958191
172,60742188;-66,51094055
172,63793945;-66,17392731
172,66845703;-65,38541412
172,69897461;-64,29858398
172,72949219;-63,21514130
172,76000977;-61,83706665
172,79052734;-60,93278885
172,82104492;-61,72159195
172,85156250;-65,26169586
172,88208008;-72,51275635
172,91259766;-72,64396667
172,94311523;-68,37186432
172,97363281;-67,47052002
173,00415039;-68,46934509
173,03466797;-68,31015015
173,06518555;-65,20075989
173,09570312;-61,76660156
173,12622070;-60,23685074
173,15673828;-61,20348358
173,18725586;-64,97998810
173,21777344;-70,78011322
173,24829102;-68,08249664
173,27880859;-63,56040955
173,30932617;-62,12091446
173,33984375;-63,27946091
173,37036133;-65,32492828
173,40087891;-66,60511780
173,43139648;-70,40518951
173,46191406;-84,84120178
173,49243164;-69,33349609
173,52294922;-65,30987549
173,55346680;-65,86801910
173,58398438;-68,66681671
173,61450195;-64,69165802
173,64501953;-60,91254425
173,67553711;-59,15102386
173,70605469;-59,23601532
173,73657227;-61,20149612
173,76708984;-63,95032883
173,79760742;-65,06549835
173,82812500;-64,81385040
173,85864258;-65,57396698
173,88916016;-68,04436493
173,91967773;-68,18879700
173,95019531;-66,19454193
173,98071289;-65,44190979
174,01123047;-67,50347900
174,04174805;-72,45831299
174,07226562;-71,33902740
174,10278320;-67,80138397
174,13330078;-66,36231232
174,16381836;-64,89806366
174,19433594;-63,84035110
174,22485352;-64,40083313
174,25537109;-64,70628357
174,28588867;-65,60845184
174,31640625;-70,40200043
174,34692383;-72,11832428
174,37744141;-70,45227814
174,40795898;-80,19428253
174,43847656;-70,03744507
174,46899414;-64,94433594
174,49951172;-63,96867752
174,53002930;-62,84776306
174,56054688;-60,59603119
174,59106445;-59,40863800
174,62158203;-60,65032196
174,65209961;-64,80818939
174,68261719;-67,41978455
174,71313477;-67,71611786
174,74365234;-73,77780151
174,77416992;-70,70094299
174,80468750;-66,13227081
174,83520508;-65,65502167
174,86572266;-65,19317627
174,89624023;-64,49585724
174,92675781;-65,64133453
174,95727539;-68,49887848
174,98779297;-70,29582214
175,01831055;-67,31160736
175,04882812;-64,41345215
175,07934570;-63,64506149
175,10986328;-64,79693604
175,14038086;-65,76609039
175,17089844;-63,76509857
175,20141602;-61,23836136
175,23193359;-59,36609650
175,26245117;-58,27854156
175,29296875;-58,62261200
175,32348633;-61,56421280
175,35400391;-67,58715057
175,38452148;-64,88931274
175,41503906;-62,43769836
175,44555664;-63,25413513
175,47607422;-65,22515106
175,50659180;-67,42354584
175,53710938;-72,19424438
175,56762695;-76,58757019
175,59814453;-71,53971863
175,62866211;-67,24083710
175,65917969;-63,43818665
175,68969727;-59,68238068
175,72021484;-56,69455719
175,75073242;-55,14464951
175,78125000;-55,18186188
175,81176758;-56,66820526
175,84228516;-58,71891785
175,87280273;-59,99141693
175,90332031;-60,91586685
175,93383789;-62,97848129
175,96435547;-65,89043427
175,99487305;-65,83550262
176,02539062;-65,44445038
176,05590820;-68,52175140
176,08642578;-73,20108795
176,11694336;-73,39909363
176,14746094;-71,76651001
176,17797852;-65,01585388
176,20849609;-63,31958389
176,23901367;-64,14973450
176,26953125;-64,00429535
176,30004883;-64,62823486
176,33056641;-66,30843353
176,36108398;-65,95650482
176,39160156;-64,30979919
176,42211914;-65,12434387
176,45263672;-70,22358704
176,48315430;-75,29988098
176,51367188;-85,62902832
176,54418945;-65,73754883
176,57470703;-61,02504730
176,60522461;-60,78893661
176,63574219;-62,43732071
176,66625977;-62,09680176
176,69677734;-60,89779282
176,72729492;-61,58537292
176,75781250;-64,32876587
176,78833008;-66,38257599
176,81884766;-66,19870758
176,84936523;-66,84428406
176,87988281;-71,14012146
176,91040039;-73,28627777
176,94091797;-65,68409729
176,97143555;-61,82561874
177,00195312;-59,89624023
177,03247070;-59,94617081
177,06298828;-62,96132660
177,09350586;-68,95355225
177,12402344;-68,40769958
177,15454102;-69,38259888
177,18505859;-76,72276306
177,21557617;-77,65287781
177,24609375;-72,52629089
177,27661133;-68,29844666
177,30712891;-65,42590332
177,33764648;-64,16003418
177,36816406;-65,18439484
177,39868164;-68,54903412
177,42919922;-69,32679749
177,45971680;-67,79780579
177,49023438;-68,08836365
177,52075195;-68,47856903
177,55126953;-68,04295349
177,58178711;-67,88736725
177,61230469;-70,09313965
177,64282227;-76,16198730
177,67333984;-65,93596649
177,70385742;-61,96758270
177,73437500;-62,05905533
177,76489258;-64,26745605
177,79541016;-65,46029663
177,82592773;-64,39697266
177,85644531;-62,86801147
177,88696289;-62,54654694
177,91748047;-64,44571686
177,94799805;-65,50189209
177,97851562;-63,78239441
178,00903320;-64,94664001
178,03955078;-71,21353149
178,07006836;-77,04411316
178,10058594;-67,10093689
178,13110352;-62,84944916
178,16162109;-61,66128540
178,19213867;-63,75061417
178,22265625;-71,83791351
178,25317383;-67,54412079
178,28369141;-62,58060455
178,31420898;-61,87167740
178,34472656;-63,42173004
178,37524414;-66,72637939
178,40576172;-71,82850647
178,43627930;-75,15652466
178,46679688;-78,77304077
178,49731445;-70,57038879
178,52783203;-61,86539459
178,55834961;-58,31417465
178,58886719;-58,31057739
178,61938477;-61,93466568
178,64990234;-69,77015686
178,68041992;-74,03861237
178,71093750;-76,37466431
178,74145508;-80,13236237
178,77197266;-68,35554504
178,80249023;-64,11365509
178,83300781;-64,51650238
178,86352539;-68,74680328
178,89404297;-64,36110687
178,92456055;-61,52169800
178,95507812;-64,84823608
178,98559570;-71,72572327
179,01611328;-61,46256256
179,04663086;-59,87206268
179,07714844;-63,53975296
179,10766602;-74,39622498
179,13818359;-79,53116608
179,16870117;-73,81463623
179,19921875;-67,95890045
179,22973633;-68,13160706
179,26025391;-73,10140991
179,29077148;-70,14727783
179,32128906;-68,18633270
179,35180664;-69,17782593
179,38232422;-72,98849487
179,41284180;-75,33785248
179,44335938;-65,77215576
179,47387695;-63,23337936
179,50439453;-62,52285767
179,53491211;-61,34249878
179,56542969;-61,23305893
179,59594727;-64,47737122
179,62646484;-78,37861633
179,65698242;-69,07702637
179,68750000;-63,01992798
179,71801758;-60,92317581
179,74853516;-62,01860046
179,77905273;-69,62074280
179,80957031;-68,94393158
179,84008789;-61,23959351
179,87060547;-60,22928238
179,90112305;-62,14176941
179,93164062;-64,38017273
179,96215820;-64,31110382
179,99267578;-62,61119843
180,02319336;-61,23563766
180,05371094;-60,95067596
180,08422852;-61,92840958
180,11474609;-63,96206665
180,14526367;-65,44985962
180,17578125;-65,24861145
180,20629883;-65,82189941
180,23681641;-69,37405396
180,26733398;-78,39234161
180,29785156;-70,02576447
180,32836914;-66,41226196
180,35888672;-68,23508453
180,38940430;-77,22662354
180,41992188;-70,22625732
180,45043945;-66,75433350
180,48095703;-65,63036346
180,51147461;-64,94252014
180,54199219;-65,75522614
180,57250977;-68,62639618
180,60302734;-71,94766998
180,63354492;-73,73554993
180,66406250;-69,46766663
180,69458008;-61,00279236
180,72509766;-56,09844589
180,75561523;-54,31398010
180,78613281;-55,45001602
180,81665039;-58,94668961
180,84716797;-62,16344833
180,87768555;-65,02902985
180,90820312;-70,77243042
180,93872070;-82,32753754
180,96923828;-75,61184692
180,99975586;-67,70127869
181,03027344;-63,33445740
181,06079102;-61,07782745
181,09130859;-61,07500458
181,12182617;-63,48820496
181,15234375;-68,04476929
181,18286133;-73,79113007
181,21337891;-69,97972107
181,24389648;-65,83357239
181,27441406;-64,73508453
181,30493164;-64,63191223
181,33544922;-64,01856232
181,36596680;-63,37844467
181,39648438;-63,91642761
181,42700195;-65,60338593
181,45751953;-65,06600952
181,48803711;-63,68005753
181,51855469;-64,81151581
181,54907227;-67,29640961
181,57958984;-65,78817749
181,61010742;-63,48130798
181,64062500;-63,50231934
181,67114258;-66,76589966
181,70166016;-68,03017426
181,73217773;-62,82444000
181,76269531;-60,61923981
181,79321289;-60,88144302
181,82373047;-62,77333832
181,85424805;-65,64976501
181,88476562;-70,67587280
181,91528320;-88,72219086
181,94580078;-67,37834167
181,97631836;-62,78907394
182,00683594;-62,09740448
182,03735352;-63,63046646
182,06787109;-67,14320374
182,09838867;-76,91628265
182,12890625;-74,39665985
182,15942383;-70,49343109
182,18994141;-66,38198090
182,22045898;-62,35516357
182,25097656;-62,03311539
182,28149414;-66,96005249
182,31201172;-83,97474670
182,34252930;-68,98753357
182,37304688;-72,89042664
182,40356445;-73,53292847
182,43408203;-66,64580536
182,46459961;-67,07630920
182,49511719;-66,08384705
182,52563477;-64,08068848
182,55615234;-64,53357697
182,58666992;-66,29306030
182,61718750;-68,25250244
182,64770508;-70,51522827
182,67822266;-72,31003571
182,70874023;-73,35578156
182,73925781;-72,93885040
182,76977539;-68,52008057
182,80029297;-63,91344070
182,83081055;-61,93764496
182,86132812;-63,04299164
182,89184570;-66,29492950
182,92236328;-65,64166260
182,95288086;-62,63641739
182,98339844;-61,93157196
183,01391602;-64,95589447
183,04443359;-78,46656036
183,07495117;-71,29342651
183,10546875;-67,06447601
183,13598633;-65,35771179
183,16650391;-63,89054108
183,19702148;-64,86628723
183,22753906;-67,94600677
183,25805664;-68,52877808
183,28857422;-67,40934753
183,31909180;-67,54907227
183,34960938;-70,84158325
183,38012695;-69,90431213
183,41064453;-65,34360504
183,44116211;-64,59597015
183,47167969;-66,34214020
183,50219727;-69,08734894
183,53271484;-67,96006775
183,56323242;-64,31596375
183,59375000;-62,54148102
183,62426758;-62,29153442
183,65478516;-63,21492767
183,68530273;-65,70406342
183,71582031;-66,80918884
183,74633789;-62,86959076
183,77685547;-60,44845200
183,80737305;-61,15960693
183,83789062;-64,55603790
183,86840820;-62,34820938
183,89892578;-60,41763306
183,92944336;-63,57577515
183,95996094;-70,13784790
183,99047852;-65,92164612
184,02099609;-67,07076263
184,05151367;-76,37650299
184,08203125;-81,70105743
184,11254883;-76,56134033
184,14306641;-79,26159668
184,17358398;-93,13287354
184,20410156;-76,28361511
184,23461914;-70,57663727
184,26513672;-67,25106049
184,29565430;-65,91399384
184,32617188;-66,09893036
184,35668945;-64,25009155
184,38720703;-62,42744827
184,41772461;-62,66371155
184,44824219;-64,86648560
184,47875977;-69,62363434
184,50927734;-77,71992493
184,53979492;-77,32434845
184,57031250;-68,35636902
184,60083008;-63,17562485
184,63134766;-61,22282410
184,66186523;-61,49482727
184,69238281;-63,55713654
184,72290039;-67,11274719
184,75341797;-70,27528381
184,78393555;-66,34294891
184,81445312;-60,93048859
184,84497070;-58,31606293
184,87548828;-58,24291992
184,90600586;-60,45790863
184,93652344;-65,07442474
184,96704102;-68,81224060
184,99755859;-67,28907776
185,02807617;-68,07807922
185,05859375;-73,08867645
185,08911133;-76,61300659
185,11962891;-72,68167114
185,15014648;-73,33954620
185,18066406;-75,07445526
185,21118164;-68,57473755
185,24169922;-65,09196472
185,27221680;-65,56633759
185,30273438;-71,21813965
185,33325195;-79,65488434
185,36376953;-67,94938660
185,39428711;-63,96540833
185,42480469;-62,23422241
185,45532227;-62,20506287
185,48583984;-63,68128967
185,51635742;-66,09526062
185,54687500;-67,74367523
185,57739258;-66,62029266
185,60791016;-66,08074951
185,63842773;-70,20117188
185,66894531;-77,04541016
185,69946289;-65,00090027
185,72998047;-61,47296906
185,76049805;-61,16313553
185,79101562;-62,72897720
185,82153320;-63,47824478
185,85205078;-60,90213776
185,88256836;-58,76878357
185,91308594;-59,01762390
185,94360352;-61,72125244
185,97412109;-65,47745514
186,00463867;-66,83112335
186,03515625;-66,61727142
186,06567383;-66,17704773
186,09619141;-63,98376846
186,12670898;-61,56825638
186,15722656;-60,29085159
186,18774414;-59,56509018
186,21826172;-59,69659424
186,24877930;-62,85309601
186,27929688;-72,20364380
186,30981445;-64,13847351
186,34033203;-60,52571869
186,37084961;-60,45459366
186,40136719;-61,96887589
186,43188477;-63,76586914
186,46240234;-63,68027115
186,49291992;-60,44063568
186,52343750;-58,48135376
186,55395508;-59,21963501
186,58447266;-62,45761108
186,61499023;-65,38228607
186,64550781;-63,53555298
186,67602539;-61,67785645
186,70654297;-61,75547791
186,73706055;-63,90697098
186,76757812;-68,20781708
186,79809570;-71,85708618
186,82861328;-70,14969635
186,85913086;-70,37509155
186,88964844;-76,47826385
186,92016602;-78,48426056
186,95068359;-70,83985138
186,98120117;-66,54233551
187,01171875;-62,38481522
187,04223633;-59,93579102
187,07275391;-59,70845795
187,10327148;-61,58891296
187,13378906;-63,07781601
187,16430664;-62,04193878
187,19482422;-61,93976974
187,22534180;-63,71710968
187,25585938;-65,74617767
187,28637695;-63,91605377
187,31689453;-60,98714447
187,34741211;-59,69340515
187,37792969;-60,11750031
187,40844727;-60,39265442
187,43896484;-58,45188522
187,46948242;-56,90382004
187,50000000;-57,79442215
187,53051758;-62,68463516
187,56103516;-78,43302155
187,59155273;-71,08737183
187,62207031;-71,34200287
187,65258789;-73,61753845
187,68310547;-69,13455200
187,71362305;-65,37880707
187,74414062;-65,61816406
187,77465820;-71,25458527
187,80517578;-69,50217438
187,83569336;-64,26766205
187,86621094;-62,24742508
187,89672852;-61,09516907
187,92724609;-60,56959534
187,95776367;-61,64232254
187,98828125;-65,56175232
188,01879883;-82,05146790
188,04931641;-66,48958588
188,07983398;-61,04759598
188,11035156;-61,11149597
188,14086914;-65,24269867
188,17138672;-69,46308899
188,20190430;-68,15425110
188,23242188;-63,43466187
188,26293945;-60,11767960
188,29345703;-59,59874725
188,32397461;-61,44529724
188,35449219;-65,21730042
188,38500977;-68,47592926
188,41552734;-67,54470062
188,44604492;-68,23609161
188,47656250;-70,15863037
188,50708008;-69,69203186
188,53759766;-72,22838593
188,56811523;-84,72851562
188,59863281;-83,46574402
188,62915039;-79,10373688
188,65966797;-69,84421539
188,69018555;-68,76102448
188,72070312;-75,65025330
188,75122070;-75,89122009
188,78173828;-73,64842987
188,81225586;-77,29806519
188,84277344;-61,72994232
188,87329102;-56,17786407
188,90380859;-54,11807632
188,93432617;-54,10293198
188,96484375;-55,00404739
188,99536133;-55,92709351
189,02587891;-56,94687271
189,05639648;-58,75396729
189,08691406;-60,75994110
189,11743164;-61,72792816
189,14794922;-62,80693436
189,17846680;-64,02815247
189,20898438;-63,57537079
189,23950195;-62,22994232
189,27001953;-62,12396622
189,30053711;-64,43964386
189,33105469;-70,86904144
189,36157227;-71,38345337
189,39208984;-64,31204987
189,42260742;-61,10790253
189,45312500;-59,85516357
189,48364258;-59,79580307
189,51416016;-60,88182449
189,54467773;-63,78507996
189,57519531;-68,07681274
189,60571289;-69,49963379
189,63623047;-66,80698395
189,66674805;-64,04808044
189,69726562;-64,10668945
189,72778320;-67,57933807
189,75830078;-75,40564728
189,78881836;-91,85910034
189,81933594;-86,39685059
189,84985352;-78,05931091
189,88037109;-70,09056091
189,91088867;-65,27774048
189,94140625;-62,70301819
189,97192383;-62,09955597
190,00244141;-62,29882812
190,03295898;-61,12334442
190,06347656;-59,51648712
190,09399414;-58,62068939
190,12451172;-59,04886627
190,15502930;-61,36993790
190,18554688;-64,89527893
190,21606445;-67,18784332
190,24658203;-67,11480713
190,27709961;-68,53308105
190,30761719;-72,10520172
190,33813477;-66,42577362
190,36865234;-63,62126160
190,39916992;-64,86832428
190,42968750;-69,44873047
190,46020508;-79,92491150
190,49072266;-73,33142853
190,52124023;-66,63594055
190,55175781;-66,26338959
190,58227539;-70,21647644
190,61279297;-69,35723877
190,64331055;-65,83828735
190,67382812;-64,51045227
190,70434570;-64,44224548
190,73486328;-66,35430145
190,76538086;-71,00822449
190,79589844;-72,75827026
190,82641602;-68,33828735
190,85693359;-65,30107880
190,88745117;-65,03919220
190,91796875;-69,95269775
190,94848633;-78,22349548
190,97900391;-66,08795929
191,00952148;-63,37728500
191,04003906;-64,68825531
191,07055664;-69,47077942
191,10107422;-67,47430420
191,13159180;-66,88260651
191,16210938;-67,78479767
191,19262695;-67,25920105
191,22314453;-71,16047668
191,25366211;-77,87101746
191,28417969;-67,61405182
191,31469727;-63,48319244
191,34521484;-61,82624435
191,37573242;-60,32411575
191,40625000;-58,47668076
191,43676758;-57,96746826
191,46728516;-58,66092682
191,49780273;-59,43079376
191,52832031;-60,61792755
191,55883789;-63,18229675
191,58935547;-67,05847168
191,61987305;-69,84918213
191,65039062;-68,12962341
191,68090820;-64,89380646
191,71142578;-62,66992188
191,74194336;-61,62681961
191,77246094;-61,81433868
191,80297852;-63,81381607
191,83349609;-69,20117188
191,86401367;-91,36981201
191,89453125;-72,39132690
191,92504883;-67,25542450
191,95556641;-65,44429016
191,98608398;-66,94622803
192,01660156;-69,95611572
192,04711914;-65,34410095
192,07763672;-62,63326263
192,10815430;-63,61097717
192,13867188;-68,67079926
192,16918945;-74,89352417
192,19970703;-75,08896637
192,23022461;-85,01549530
192,26074219;-71,17564392
192,29125977;-67,11585236
192,32177734;-66,92900085
192,35229492;-68,80020142
192,38281250;-72,24725342
192,41333008;-99,80164337
192,44384766;-69,67455292
192,47436523;-65,37768555
192,50488281;-65,34830475
192,53540039;-65,83736420
192,56591797;-69,20428467
192,59643555;-75,83811951
192,62695312;-71,59995270
192,65747070;-84,34081268
192,68798828;-69,03942108
192,71850586;-64,21003723
192,74902344;-63,99920654
192,77954102;-66,19772339
192,81005859;-69,17955017
192,84057617;-74,97130585
192,87109375;-74,48432159
192,90161133;-68,33367920
192,93212891;-70,36255646
192,96264648;-92,26370239
192,99316406;-69,64674377
193,02368164;-66,37625885
193,05419922;-66,41575623
193,08471680;-68,58311462
193,11523438;-73,73034668
193,14575195;-81,66485596
193,17626953;-85,70332336
193,20678711;-73,53096008
193,23730469;-68,28996277
193,26782227;-64,96716309
193,29833984;-62,64711380
193,32885742;-62,56108093
193,35937500;-65,12699890
193,38989258;-70,40915680
193,42041016;-87,56706238
193,45092773;-69,64736176
193,48144531;-62,62702560
193,51196289;-60,25298691
193,54248047;-60,68677521
193,57299805;-62,85751343
193,60351562;-65,67506409
193,63403320;-70,40108490
193,66455078;-80,02243805
193,69506836;-70,71561432
193,72558594;-69,18356323
193,75610352;-71,15563202
193,78662109;-73,67883301
193,81713867;-75,43228912
193,84765625;-67,24391174
193,87817383;-61,95068741
193,90869141;-58,95809174
193,93920898;-57,30155563
193,96972656;-57,15103149
194,00024414;-58,68028641
194,03076172;-60,65178680
194,06127930;-61,53835678
194,09179688;-61,85271454
194,12231445;-63,06106949
194,15283203;-68,26709747
194,18334961;-79,62235260
194,21386719;-66,53046417
194,24438477;-63,91648865
194,27490234;-65,87675476
194,30541992;-77,57806396
194,33593750;-70,17103577
194,36645508;-65,08748627
194,39697266;-66,69526672
194,42749023;-71,32516479
194,45800781;-67,54620361
194,48852539;-68,66728973
194,51904297;-72,28057098
194,54956055;-65,86312866
194,58007812;-64,42456055
194,61059570;-64,25782013
194,64111328;-62,15183258
194,67163086;-61,83224487
194,70214844;-65,43832397
194,73266602;-74,46977997
194,76318359;-63,05376434
194,79370117;-58,31264496
194,82421875;-57,05733490
194,85473633;-58,00899124
194,88525391;-60,40203476
194,91577148;-65,10257721
194,94628906;-73,02661133
194,97680664;-64,23738098
195,00732422;-61,01985168
195,03784180;-61,18683243
195,06835938;-62,95496368
195,09887695;-63,85879898
195,12939453;-63,56366730
195,15991211;-64,00579071
195,19042969;-64,51994324
195,22094727;-63,35632706
195,25146484;-62,39736176
195,28198242;-63,09823990
195,31250000;-65,18611145
195,34301758;-66,96801758
195,37353516;-67,24974823
195,40405273;-67,81472015
195,43457031;-69,85163879
195,46508789;-71,27917480
195,49560547;-69,04771423
195,52612305;-66,01502991
195,55664062;-64,86275482
195,58715820;-65,68190765
195,61767578;-67,72558594
195,64819336;-72,24313354
195,67871094;-81,56696320
195,70922852;-65,26279449
195,73974609;-60,76547241
195,77026367;-60,04856873
195,80078125;-61,30447006
195,83129883;-61,65653992
195,86181641;-60,21565247
195,89233398;-59,65552521
195,92285156;-60,55530548
195,95336914;-62,22856140
195,98388672;-64,53159332
196,01440430;-66,72422791
196,04492188;-65,29275513
196,07543945;-63,56732941
196,10595703;-64,70851135
196,13647461;-70,55906677
196,16699219;-77,28323364
196,19750977;-63,66688156
196,22802734;-59,15014267
196,25854492;-57,83933640
196,28906250;-58,91384888
196,31958008;-62,09807968
196,35009766;-66,10578156
196,38061523;-67,79721069
196,41113281;-67,08954620
196,44165039;-64,16621399
196,47216797;-61,86255646
196,50268555;-60,28403854
196,53320312;-58,86284256
196,56372070;-58,59669495
196,59423828;-60,69297409
196,62475586;-66,11698151
196,65527344;-72,48354340
196,68579102;-67,90711212
196,71630859;-63,69618988
196,74682617;-61,66271973
196,77734375;-60,76974487
196,80786133;-60,57676697
196,83837891;-61,97475433
196,86889648;-66,59951019
196,89941406;-72,86940002
196,92993164;-70,29374695
196,96044922;-67,69084167
196,99096680;-63,90364838
197,02148438;-61,45544052
197,05200195;-60,30364609
197,08251953;-60,33245087
197,11303711;-62,30812454
197,14355469;-66,96814728
197,17407227;-70,22155762
197,20458984;-66,15545654
197,23510742;-63,93516541
197,26562500;-64,82447815
197,29614258;-70,04539490
197,32666016;-83,66177368
197,35717773;-78,80931091
197,38769531;-80,63607025
197,41821289;-78,48613739
197,44873047;-73,47940826
197,47924805;-69,08699799
197,50976562;-66,02074432
197,54028320;-64,67865753
197,57080078;-65,54060364
197,60131836;-68,36381531
197,63183594;-73,10913086
197,66235352;-83,25076294
197,69287109;-72,88038635
197,72338867;-65,24947357
197,75390625;-62,91900253
197,78442383;-65,18304443
197,81494141;-68,63348389
197,84545898;-61,49754333
197,87597656;-59,24971771
197,90649414;-61,58286667
197,93701172;-62,56607819
197,96752930;-59,04017639
197,99804688;-58,87613297
198,02856445;-60,77748871
198,05908203;-59,66006851
198,08959961;-57,65620422
198,12011719;-58,46474075
198,15063477;-63,92708206
198,18115234;-76,79242706
198,21166992;-68,45298004
198,24218750;-68,17713928
198,27270508;-67,91600800
198,30322266;-68,11100769
198,33374023;-69,32334137
198,36425781;-68,34317017
198,39477539;-65,72948456
198,42529297;-64,42385864
198,45581055;-65,97296906
198,48632812;-70,32349396
198,51684570;-72,29145050
198,54736328;-67,40742493
198,57788086;-63,32425690
198,60839844;-61,67208862
198,63891602;-61,99686050
198,66943359;-63,00054169
198,69995117;-64,25281525
198,73046875;-65,87635803
198,76098633;-66,34970856
198,79150391;-67,74790955
198,82202148;-69,32479095
198,85253906;-60,35536957
198,88305664;-55,80912781
198,91357422;-55,70166016
198,94409180;-60,86061859
198,97460938;-72,15409851
199,00512695;-60,48751831
199,03564453;-58,01790619
199,06616211;-58,96191025
199,09667969;-63,18990707
199,12719727;-71,00407410
199,15771484;-68,31330872
199,18823242;-66,12883759
199,21875000;-68,33549500
199,24926758;-77,13560486
199,27978516;-77,01143646
199,31030273;-72,73173523
199,34082031;-69,93289948
199,37133789;-69,63665009
199,40185547;-72,71206665
199,43237305;-77,72652435
199,46289062;-75,29663086
199,49340820;-66,10922241
199,52392578;-63,82653809
199,55444336;-66,10870361
199,58496094;-76,18540192
199,61547852;-70,63431549
199,64599609;-64,35935211
199,67651367;-61,96065903
199,70703125;-60,82859421
199,73754883;-59,94312668
199,76806641;-59,12335205
199,79858398;-59,10246277
199,82910156;-60,51080322
199,85961914;-62,87061691
199,89013672;-64,60410309
199,92065430;-66,06288147
199,95117188;-69,19613647
199,98168945;-67,80389404
200,01220703;-62,69633865
